-2.00000000e+00 -1.80842197e-03 -2.00000000e+00 -1.81915780e+00 
-1.99000000e+00 -1.79941524e-03 -1.99000000e+00 -1.81005848e+00 
-1.98000000e+00 -1.79040619e-03 -1.98000000e+00 -1.80095938e+00 
-1.97000000e+00 -1.78139494e-03 -1.97000000e+00 -1.79186051e+00 
-1.96000000e+00 -1.77238592e-03 -1.96000000e+00 -1.78276141e+00 
-1.95000000e+00 -1.76337691e-03 -1.95000000e+00 -1.77366231e+00 
-1.94000000e+00 -1.75436790e-03 -1.94000000e+00 -1.76456321e+00 
-1.93000000e+00 -1.74535888e-03 -1.93000000e+00 -1.75546411e+00 
-1.92000000e+00 -1.73634987e-03 -1.92000000e+00 -1.74636501e+00 
-1.91000000e+00 -1.72734086e-03 -1.91000000e+00 -1.73726591e+00 
-1.90000000e+00 -1.71833184e-03 -1.90000000e+00 -1.72816682e+00 
-1.89000000e+00 -1.70932283e-03 -1.89000000e+00 -1.71906772e+00 
-1.88000000e+00 -1.70031381e-03 -1.88000000e+00 -1.70996862e+00 
-1.87000000e+00 -1.69130480e-03 -1.87000000e+00 -1.70086952e+00 
-1.86000000e+00 -1.68229579e-03 -1.86000000e+00 -1.69177042e+00 
-1.85000000e+00 -1.67328677e-03 -1.85000000e+00 -1.68267132e+00 
-1.84000000e+00 -1.66427776e-03 -1.84000000e+00 -1.67357222e+00 
-1.83000000e+00 -1.65526874e-03 -1.83000000e+00 -1.66447313e+00 
-1.82000000e+00 -1.64625973e-03 -1.82000000e+00 -1.65537403e+00 
-1.81000000e+00 -1.63725072e-03 -1.81000000e+00 -1.64627493e+00 
-1.80000000e+00 -1.62824170e-03 -1.80000000e+00 -1.63717583e+00 
-1.79000000e+00 -1.61923269e-03 -1.79000000e+00 -1.62807673e+00 
-1.78000000e+00 -1.61022367e-03 -1.78000000e+00 -1.61897763e+00 
-1.77000000e+00 -1.60121466e-03 -1.77000000e+00 -1.60987853e+00 
-1.76000000e+00 -1.59220564e-03 -1.76000000e+00 -1.60077944e+00 
-1.75000000e+00 -1.58319662e-03 -1.75000000e+00 -1.59168034e+00 
-1.74000000e+00 -1.57418761e-03 -1.74000000e+00 -1.58258124e+00 
-1.73000000e+00 -1.56517859e-03 -1.73000000e+00 -1.57348214e+00 
-1.72000000e+00 -1.55616958e-03 -1.72000000e+00 -1.56438304e+00 
-1.71000000e+00 -1.54716056e-03 -1.71000000e+00 -1.55528394e+00 
-1.70000000e+00 -1.53815155e-03 -1.70000000e+00 -1.54618485e+00 
-1.69000000e+00 -1.52914253e-03 -1.69000000e+00 -1.53708575e+00 
-1.68000000e+00 -1.52013351e-03 -1.68000000e+00 -1.52798665e+00 
-1.67000000e+00 -1.51112450e-03 -1.67000000e+00 -1.51888755e+00 
-1.66000000e+00 -1.50211548e-03 -1.66000000e+00 -1.50978845e+00 
-1.65000000e+00 -1.49310646e-03 -1.65000000e+00 -1.50068935e+00 
-1.64000000e+00 -1.48409744e-03 -1.64000000e+00 -1.49159026e+00 
-1.63000000e+00 -1.47508843e-03 -1.63000000e+00 -1.48249116e+00 
-1.62000000e+00 -1.46607941e-03 -1.62000000e+00 -1.47339206e+00 
-1.61000000e+00 -1.45707039e-03 -1.61000000e+00 -1.46429296e+00 
-1.60000000e+00 -1.44806137e-03 -1.60000000e+00 -1.45519386e+00 
-1.59000000e+00 -1.43905236e-03 -1.59000000e+00 -1.44609476e+00 
-1.58000000e+00 -1.43004334e-03 -1.58000000e+00 -1.43699567e+00 
-1.57000000e+00 -1.42103432e-03 -1.57000000e+00 -1.42789657e+00 
-1.56000000e+00 -1.41202530e-03 -1.56000000e+00 -1.41879747e+00 
-1.55000000e+00 -1.40301628e-03 -1.55000000e+00 -1.40969837e+00 
-1.54000000e+00 -1.39400726e-03 -1.54000000e+00 -1.40059927e+00 
-1.53000000e+00 -1.38499824e-03 -1.53000000e+00 -1.39150018e+00 
-1.52000000e+00 -1.37598922e-03 -1.52000000e+00 -1.38240108e+00 
-1.51000000e+00 -1.36698020e-03 -1.51000000e+00 -1.37330198e+00 
-1.50000000e+00 -1.35797118e-03 -1.50000000e+00 -1.36420288e+00 
-1.49000000e+00 -1.34896216e-03 -1.49000000e+00 -1.35510378e+00 
-1.48000000e+00 -1.33995314e-03 -1.48000000e+00 -1.34600469e+00 
-1.47000000e+00 -1.33094411e-03 -1.47000000e+00 -1.33690559e+00 
-1.46000000e+00 -1.32193509e-03 -1.46000000e+00 -1.32780649e+00 
-1.45000000e+00 -1.31292607e-03 -1.45000000e+00 -1.31870739e+00 
-1.44000000e+00 -1.30391705e-03 -1.44000000e+00 -1.30960830e+00 
-1.43000000e+00 -1.29490802e-03 -1.43000000e+00 -1.30050920e+00 
-1.42000000e+00 -1.28589900e-03 -1.42000000e+00 -1.29141010e+00 
-1.41000000e+00 -1.27688998e-03 -1.41000000e+00 -1.28231100e+00 
-1.40000000e+00 -1.26788095e-03 -1.40000000e+00 -1.27321190e+00 
-1.39000000e+00 -1.25887193e-03 -1.39000000e+00 -1.26411281e+00 
-1.38000000e+00 -1.24986290e-03 -1.38000000e+00 -1.25501371e+00 
-1.37000000e+00 -1.24085388e-03 -1.37000000e+00 -1.24591461e+00 
-1.36000000e+00 -1.23184485e-03 -1.36000000e+00 -1.23681552e+00 
-1.35000000e+00 -1.22283582e-03 -1.35000000e+00 -1.22771642e+00 
-1.34000000e+00 -1.21382679e-03 -1.34000000e+00 -1.21861732e+00 
-1.33000000e+00 -1.20481777e-03 -1.33000000e+00 -1.20951822e+00 
-1.32000000e+00 -1.19580874e-03 -1.32000000e+00 -1.20041913e+00 
-1.31000000e+00 -1.18679971e-03 -1.31000000e+00 -1.19132003e+00 
-1.30000000e+00 -1.17779068e-03 -1.30000000e+00 -1.18222093e+00 
-1.29000000e+00 -1.16878165e-03 -1.29000000e+00 -1.17312184e+00 
-1.28000000e+00 -1.15977262e-03 -1.28000000e+00 -1.16402274e+00 
-1.27000000e+00 -1.15076359e-03 -1.27000000e+00 -1.15492364e+00 
-1.26000000e+00 -1.14175455e-03 -1.26000000e+00 -1.14582454e+00 
-1.25000000e+00 -1.13274552e-03 -1.25000000e+00 -1.13672545e+00 
-1.24000000e+00 -1.12373649e-03 -1.24000000e+00 -1.12762635e+00 
-1.23000000e+00 -1.11472745e-03 -1.23000000e+00 -1.11852725e+00 
-1.22000000e+00 -1.10571841e-03 -1.22000000e+00 -1.10942816e+00 
-1.21000000e+00 -1.09670938e-03 -1.21000000e+00 -1.10032906e+00 
-1.20000000e+00 -1.08770034e-03 -1.20000000e+00 -1.09122997e+00 
-1.19000000e+00 -1.07869130e-03 -1.19000000e+00 -1.08213087e+00 
-1.18000000e+00 -1.06968226e-03 -1.18000000e+00 -1.07303177e+00 
-1.17000000e+00 -1.06067322e-03 -1.17000000e+00 -1.06393268e+00 
-1.16000000e+00 -1.05166418e-03 -1.16000000e+00 -1.05483358e+00 
-1.15000000e+00 -1.04265514e-03 -1.15000000e+00 -1.04573449e+00 
-1.14000000e+00 -1.03364609e-03 -1.14000000e+00 -1.03663539e+00 
-1.13000000e+00 -1.02463705e-03 -1.13000000e+00 -1.02753630e+00 
-1.12000000e+00 -1.01562800e-03 -1.12000000e+00 -1.01843720e+00 
-1.11000000e+00 -1.00661895e-03 -1.11000000e+00 -1.00933810e+00 
-1.10000000e+00 -9.97609903e-04 -1.10000000e+00 -1.00023901e+00 
-1.09000000e+00 -9.88600852e-04 -1.09000000e+00 -9.91139915e-01 
-1.08000000e+00 -9.79591799e-04 -1.08000000e+00 -9.82040820e-01 
-1.07000000e+00 -9.70582745e-04 -1.07000000e+00 -9.72941725e-01 
-1.06000000e+00 -9.61573689e-04 -1.06000000e+00 -9.63842631e-01 
-1.05000000e+00 -9.52564632e-04 -1.05000000e+00 -9.54743537e-01 
-1.04000000e+00 -9.43555572e-04 -1.04000000e+00 -9.45644443e-01 
-1.03000000e+00 -9.34546510e-04 -1.03000000e+00 -9.36545349e-01 
-1.02000000e+00 -9.25537447e-04 -1.02000000e+00 -9.27446255e-01 
-1.01000000e+00 -9.16528381e-04 -1.01000000e+00 -9.18347162e-01 
-1.00000000e+00 -9.07519313e-04 -1.00000000e+00 -9.09248069e-01 
-9.90000000e-01 -8.98510242e-04 -9.90000000e-01 -9.00148976e-01 
-9.80000000e-01 -8.89501169e-04 -9.80000000e-01 -8.91049883e-01 
-9.70000000e-01 -8.80492093e-04 -9.70000000e-01 -8.81950791e-01 
-9.60000000e-01 -8.71483015e-04 -9.60000000e-01 -8.72851699e-01 
-9.50000000e-01 -8.62473933e-04 -9.50000000e-01 -8.63752607e-01 
-9.40000000e-01 -8.53464848e-04 -9.40000000e-01 -8.54653515e-01 
-9.30000000e-01 -8.44455760e-04 -9.30000000e-01 -8.45554424e-01 
-9.20000000e-01 -8.35446669e-04 -9.20000000e-01 -8.36455333e-01 
-9.10000000e-01 -8.26437574e-04 -9.10000000e-01 -8.27356243e-01 
-9.00000000e-01 -8.17428475e-04 -9.00000000e-01 -8.18257153e-01 
-8.90000000e-01 -8.08419372e-04 -8.90000000e-01 -8.09158063e-01 
-8.80000000e-01 -7.99410264e-04 -8.80000000e-01 -8.00058974e-01 
-8.70000000e-01 -7.90401152e-04 -8.70000000e-01 -7.90959885e-01 
-8.60000000e-01 -7.81392035e-04 -8.60000000e-01 -7.81860796e-01 
-8.50000000e-01 -7.72382913e-04 -8.50000000e-01 -7.72761709e-01 
-8.40000000e-01 -7.63373786e-04 -8.40000000e-01 -7.63662621e-01 
-8.30000000e-01 -7.54364653e-04 -8.30000000e-01 -7.54563535e-01 
-8.20000000e-01 -7.45355514e-04 -8.20000000e-01 -7.45464449e-01 
-8.10000000e-01 -7.36346368e-04 -8.10000000e-01 -7.36365363e-01 
-8.00000000e-01 -7.27337215e-04 -8.00000000e-01 -7.27266278e-01 
-7.90000000e-01 -7.18328055e-04 -7.90000000e-01 -7.18167195e-01 
-7.80000000e-01 -7.09318887e-04 -7.80000000e-01 -7.09068111e-01 
-7.70000000e-01 -7.00309711e-04 -7.70000000e-01 -6.99969029e-01 
-7.60000000e-01 -6.91300525e-04 -7.60000000e-01 -6.90869947e-01 
-7.50000000e-01 -6.82291331e-04 -7.50000000e-01 -6.81770867e-01 
-7.40000000e-01 -6.73282126e-04 -7.40000000e-01 -6.72671787e-01 
-7.30000000e-01 -6.64272910e-04 -7.30000000e-01 -6.63572709e-01 
-7.20000000e-01 -6.55263682e-04 -7.20000000e-01 -6.54473632e-01 
-7.10000000e-01 -6.46254442e-04 -7.10000000e-01 -6.45374556e-01 
-7.00000000e-01 -6.37245189e-04 -7.00000000e-01 -6.36275481e-01 
-6.90000000e-01 -6.28235921e-04 -6.90000000e-01 -6.27176408e-01 
-6.80000000e-01 -6.19226638e-04 -6.80000000e-01 -6.18077336e-01 
-6.70000000e-01 -6.10217338e-04 -6.70000000e-01 -6.08978266e-01 
-6.60000000e-01 -6.01208020e-04 -6.60000000e-01 -5.99879198e-01 
-6.50000000e-01 -5.92198683e-04 -6.50000000e-01 -5.90780132e-01 
-6.40000000e-01 -5.83189325e-04 -6.40000000e-01 -5.81681067e-01 
-6.30000000e-01 -5.74179945e-04 -6.30000000e-01 -5.72582005e-01 
-6.20000000e-01 -5.65170540e-04 -6.20000000e-01 -5.63482946e-01 
-6.10000000e-01 -5.56161109e-04 -6.10000000e-01 -5.54383889e-01 
-6.00000000e-01 -5.47151650e-04 -6.00000000e-01 -5.45284835e-01 
-5.90000000e-01 -5.38142159e-04 -5.90000000e-01 -5.36185784e-01 
-5.80000000e-01 -5.29132634e-04 -5.80000000e-01 -5.27086737e-01 
-5.70000000e-01 -5.20123073e-04 -5.70000000e-01 -5.17987693e-01 
-5.60000000e-01 -5.11113471e-04 -5.60000000e-01 -5.08888653e-01 
-5.50000000e-01 -5.02103826e-04 -5.50000000e-01 -4.99789617e-01 
-5.40000000e-01 -4.93094133e-04 -5.40000000e-01 -4.90690587e-01 
-5.30000000e-01 -4.84084387e-04 -5.30000000e-01 -4.81591561e-01 
-5.20000000e-01 -4.75074583e-04 -5.20000000e-01 -4.72492542e-01 
-5.10000000e-01 -4.66064715e-04 -5.10000000e-01 -4.63393528e-01 
-5.00000000e-01 -4.57054778e-04 -5.00000000e-01 -4.54294522e-01 
-4.90000000e-01 -4.48044763e-04 -4.90000000e-01 -4.45195524e-01 
-4.80000000e-01 -4.39034663e-04 -4.80000000e-01 -4.36096534e-01 
-4.70000000e-01 -4.30024468e-04 -4.70000000e-01 -4.26997553e-01 
-4.60000000e-01 -4.21014167e-04 -4.60000000e-01 -4.17898583e-01 
-4.50000000e-01 -4.12003750e-04 -4.50000000e-01 -4.08799625e-01 
-4.40000000e-01 -4.02993201e-04 -4.40000000e-01 -3.99700680e-01 
-4.30000000e-01 -3.93982506e-04 -4.30000000e-01 -3.90601749e-01 
-4.20000000e-01 -3.84971646e-04 -4.20000000e-01 -3.81502835e-01 
-4.10000000e-01 -3.75960602e-04 -4.10000000e-01 -3.72403940e-01 
-4.00000000e-01 -3.66949349e-04 -4.00000000e-01 -3.63305065e-01 
-3.90000000e-01 -3.57937861e-04 -3.90000000e-01 -3.54206214e-01 
-3.80000000e-01 -3.48926104e-04 -3.80000000e-01 -3.45107390e-01 
-3.70000000e-01 -3.39914043e-04 -3.70000000e-01 -3.36008596e-01 
-3.60000000e-01 -3.30901634e-04 -3.60000000e-01 -3.26909837e-01 
-3.50000000e-01 -3.21888825e-04 -3.50000000e-01 -3.17811117e-01 
-3.40000000e-01 -3.12875557e-04 -3.40000000e-01 -3.08712444e-01 
-3.30000000e-01 -3.03861757e-04 -3.30000000e-01 -2.99613824e-01 
-3.20000000e-01 -2.94847341e-04 -3.20000000e-01 -2.90515266e-01 
-3.10000000e-01 -2.85832207e-04 -3.10000000e-01 -2.81416779e-01 
-3.00000000e-01 -2.76816229e-04 -3.00000000e-01 -2.72318377e-01 
-2.90000000e-01 -2.67799260e-04 -2.90000000e-01 -2.63220074e-01 
-2.80000000e-01 -2.58781115e-04 -2.80000000e-01 -2.54121888e-01 
-2.70000000e-01 -2.49761571e-04 -2.70000000e-01 -2.45023843e-01 
-2.60000000e-01 -2.40740348e-04 -2.60000000e-01 -2.35925965e-01 
-2.50000000e-01 -2.31717099e-04 -2.50000000e-01 -2.26828290e-01 
-2.40000000e-01 -2.22691388e-04 -2.40000000e-01 -2.17730861e-01 
-2.30000000e-01 -2.13662658e-04 -2.30000000e-01 -2.08633734e-01 
-2.20000000e-01 -2.04630197e-04 -2.20000000e-01 -1.99536980e-01 
-2.10000000e-01 -1.95593081e-04 -2.10000000e-01 -1.90440692e-01 
-2.00000000e-01 -1.86550098e-04 -2.00000000e-01 -1.81344990e-01 
-1.90000000e-01 -1.77499637e-04 -1.90000000e-01 -1.72250036e-01 
-1.80000000e-01 -1.68439530e-04 -1.80000000e-01 -1.63156047e-01 
-1.70000000e-01 -1.59368087e-04 -1.70000000e-01 -1.54063191e-01 
-1.60000000e-01 -1.50286738e-04 -1.60000000e-01 -1.44971326e-01 
-1.50000000e-01 -1.41192498e-04 -1.50000000e-01 -1.35880750e-01 
-1.40000000e-01 -1.32083074e-04 -1.40000000e-01 -1.26791693e-01 
-1.30000000e-01 -1.22955771e-04 -1.30000000e-01 -1.17704423e-01 
-1.20000000e-01 -1.13807414e-04 -1.20000000e-01 -1.08619259e-01 
-1.10000000e-01 -1.04634271e-04 -1.10000000e-01 -9.95365729e-02 
-1.00000000e-01 -9.54319543e-05 -1.00000000e-01 -9.04568046e-02 
-9.00000000e-02 -8.61953069e-05 -9.00000000e-02 -8.13804693e-02 
-8.00000000e-02 -7.69182708e-05 -8.00000000e-02 -7.23081729e-02 
-7.00000000e-02 -6.75937342e-05 -7.00000000e-02 -6.32406266e-02 
-6.00000000e-02 -5.82133541e-05 -6.00000000e-02 -5.41786646e-02 
-5.00000000e-02 -4.87673510e-05 -5.00000000e-02 -4.51232649e-02 
-4.00000000e-02 -3.92032426e-05 -4.00000000e-02 -3.60796757e-02 
-3.00000000e-02 -2.95825841e-05 -3.00000000e-02 -2.70417416e-02 
-2.00000000e-02 -1.98546172e-05 -2.00000000e-02 -1.80145383e-02 
-1.00000000e-02 -1.00009074e-05 -1.00000000e-02 -8.99990926e-03 
 1.64104841e-15 -7.88659267e-14  1.64104841e-15  7.88823372e-12 
 1.00000000e-02  1.01730184e-05  1.00000000e-02  8.98269816e-03 
 2.00000000e-02  2.05470047e-05  2.00000000e-02  1.79452995e-02 
 3.00000000e-02  3.11552828e-05  3.00000000e-02  2.68844717e-02 
 4.00000000e-02  4.20362001e-05  4.00000000e-02  3.57963800e-02 
 5.00000000e-02  5.32337065e-05  5.00000000e-02  4.46766294e-02 
 6.00000000e-02  6.47979342e-05  6.00000000e-02  5.35202066e-02 
 7.00000000e-02  7.67857552e-05  7.00000000e-02  6.23214245e-02 
 8.00000000e-02  8.92612793e-05  8.00000000e-02  7.10738721e-02 
 9.00000000e-02  1.02296248e-04  9.00000000e-02  7.97703752e-02 
 1.00000000e-01  1.15970272e-04  1.00000000e-01  8.84029728e-02 
 1.10000000e-01  1.30370844e-04  1.10000000e-01  9.69629156e-02 
 1.20000000e-01  1.45593068e-04  1.20000000e-01  1.05440693e-01 
 1.30000000e-01  1.61739033e-04  1.30000000e-01  1.13826097e-01 
 1.40000000e-01  1.78916771e-04  1.40000000e-01  1.22108323e-01 
 1.50000000e-01  1.97238778e-04  1.50000000e-01  1.30276122e-01 
 1.60000000e-01  2.16820069e-04  1.60000000e-01  1.38317993e-01 
 1.70000000e-01  2.37775831e-04  1.70000000e-01  1.46222417e-01 
 1.80000000e-01  2.60218730e-04  1.80000000e-01  1.53978127e-01 
 1.90000000e-01  2.84256032e-04  1.90000000e-01  1.61574397e-01 
 2.00000000e-01  3.09986686e-04  2.00000000e-01  1.69001331e-01 
 2.10000000e-01  3.37498583e-04  2.10000000e-01  1.76250142e-01 
 2.20000000e-01  3.66866173e-04  2.20000000e-01  1.83313383e-01 
 2.30000000e-01  3.98148620e-04  2.30000000e-01  1.90185138e-01 
 2.40000000e-01  4.31388606e-04  2.40000000e-01  1.96861139e-01 
 2.50000000e-01  4.66611845e-04  2.50000000e-01  2.03338816e-01 
 2.60000000e-01  5.03827299e-04  2.60000000e-01  2.09617270e-01 
 2.70000000e-01  5.43028017e-04  2.70000000e-01  2.15697198e-01 
 2.80000000e-01  5.84192488e-04  2.80000000e-01  2.21580751e-01 
 2.90000000e-01  6.27286357e-04  2.90000000e-01  2.27271364e-01 
 3.00000000e-01  6.72264363e-04  3.00000000e-01  2.32773564e-01 
 3.10000000e-01  7.19072363e-04  3.10000000e-01  2.38092764e-01 
 3.20000000e-01  7.67649314e-04  3.20000000e-01  2.43235069e-01 
 3.30000000e-01  8.17929136e-04  3.30000000e-01  2.48207086e-01 
 3.40000000e-01  8.69037817e-04  3.40000000e-01  2.53096218e-01 
 3.50000000e-01  9.22581608e-04  3.50000000e-01  2.57741839e-01 
 3.60000000e-01  9.77580221e-04  3.60000000e-01  2.62241978e-01 
 3.70000000e-01  1.03399848e-03  3.70000000e-01  2.66600152e-01 
 3.80000000e-01  1.09176422e-03  3.80000000e-01  2.70823578e-01 
 3.90000000e-01  1.15080867e-03  3.90000000e-01  2.74919133e-01 
 4.00000000e-01  1.21106539e-03  4.00000000e-01  2.78893461e-01 
 4.10000000e-01  1.27247059e-03  4.10000000e-01  2.82752941e-01 
 4.20000000e-01  1.33496335e-03  4.20000000e-01  2.86503665e-01 
 4.30000000e-01  1.39848571e-03  4.30000000e-01  2.90151429e-01 
 4.40000000e-01  1.46298274e-03  4.40000000e-01  2.93701726e-01 
 4.50000000e-01  1.52840250e-03  4.50000000e-01  2.97159750e-01 
 4.60000000e-01  1.59469599e-03  4.60000000e-01  3.00530401e-01 
 4.70000000e-01  1.66181705e-03  4.70000000e-01  3.03818295e-01 
 4.80000000e-01  1.72972226e-03  4.80000000e-01  3.07027774e-01 
 4.90000000e-01  1.79837083e-03  4.90000000e-01  3.10162917e-01 
 5.00000000e-01  1.86772444e-03  5.00000000e-01  3.13227556e-01 
 5.10000000e-01  1.93774713e-03  5.10000000e-01  3.16225287e-01 
 5.20000000e-01  2.00840517e-03  5.20000000e-01  3.19159483e-01 
 5.30000000e-01  2.07966689e-03  5.30000000e-01  3.22033311e-01 
 5.40000000e-01  2.15150258e-03  5.40000000e-01  3.24849742e-01 
 5.50000000e-01  2.22388436e-03  5.50000000e-01  3.27611564e-01 
 5.60000000e-01  2.29678607e-03  5.60000000e-01  3.30321393e-01 
 5.70000000e-01  2.37018314e-03  5.70000000e-01  3.32981686e-01 
 5.80000000e-01  2.44405247e-03  5.80000000e-01  3.35594753e-01 
 5.90000000e-01  2.51837238e-03  5.90000000e-01  3.38162762e-01 
 6.00000000e-01  2.59312248e-03  6.00000000e-01  3.40687752e-01 
 6.10000000e-01  2.66828356e-03  6.10000000e-01  3.43171644e-01 
 6.20000000e-01  2.74383757e-03  6.20000000e-01  3.45616243e-01 
 6.30000000e-01  2.81976749e-03  6.30000000e-01  3.48023251e-01 
 6.40000000e-01  2.89605729e-03  6.40000000e-01  3.50394271e-01 
 6.50000000e-01  2.97269183e-03  6.50000000e-01  3.52730817e-01 
 6.60000000e-01  3.04965684e-03  6.60000000e-01  3.55034316e-01 
 6.70000000e-01  3.12693884e-03  6.70000000e-01  3.57306116e-01 
 6.80000000e-01  3.20452510e-03  6.80000000e-01  3.59547490e-01 
 6.90000000e-01  3.28240356e-03  6.90000000e-01  3.61759644e-01 
 7.00000000e-01  3.36056283e-03  7.00000000e-01  3.63943717e-01 
 7.10000000e-01  3.43899211e-03  7.10000000e-01  3.66100789e-01 
 7.20000000e-01  3.51768117e-03  7.20000000e-01  3.68231883e-01 
 7.30000000e-01  3.59662032e-03  7.30000000e-01  3.70337968e-01 
 7.40000000e-01  3.67580035e-03  7.40000000e-01  3.72419965e-01 
 7.50000000e-01  3.75521253e-03  7.50000000e-01  3.74478747e-01 
 7.60000000e-01  3.83484856e-03  7.60000000e-01  3.76515144e-01 
 7.70000000e-01  3.91470054e-03  7.70000000e-01  3.78529946e-01 
 7.80000000e-01  3.99476098e-03  7.80000000e-01  3.80523902e-01 
 7.90000000e-01  4.07502273e-03  7.90000000e-01  3.82497727e-01 
 8.00000000e-01  4.15547898e-03  8.00000000e-01  3.84452102e-01 
 8.10000000e-01  4.23612325e-03  8.10000000e-01  3.86387675e-01 
 8.20000000e-01  4.31694937e-03  8.20000000e-01  3.88305063e-01 
 8.30000000e-01  4.39795142e-03  8.30000000e-01  3.90204858e-01 
 8.40000000e-01  4.47912379e-03  8.40000000e-01  3.92087621e-01 
 8.50000000e-01  4.56046108e-03  8.50000000e-01  3.93953892e-01 
 8.60000000e-01  4.64195816e-03  8.60000000e-01  3.95804184e-01 
 8.70000000e-01  4.72361012e-03  8.70000000e-01  3.97638988e-01 
 8.80000000e-01  4.80541224e-03  8.80000000e-01  3.99458776e-01 
 8.90000000e-01  4.88736004e-03  8.90000000e-01  4.01263996e-01 
 9.00000000e-01  4.96944919e-03  9.00000000e-01  4.03055081e-01 
 9.10000000e-01  5.05167556e-03  9.10000000e-01  4.04832444e-01 
 9.20000000e-01  5.13403520e-03  9.20000000e-01  4.06596480e-01 
 9.30000000e-01  5.21652430e-03  9.30000000e-01  4.08347570e-01 
 9.40000000e-01  5.29913921e-03  9.40000000e-01  4.10086079e-01 
 9.50000000e-01  5.38187644e-03  9.50000000e-01  4.11812356e-01 
 9.60000000e-01  5.46473262e-03  9.60000000e-01  4.13526738e-01 
 9.70000000e-01  5.54770453e-03  9.70000000e-01  4.15229547e-01 
 9.80000000e-01  5.63078905e-03  9.80000000e-01  4.16921095e-01 
 9.90000000e-01  5.71398320e-03  9.90000000e-01  4.18601680e-01 
 1.00000000e+00  5.79728409e-03  1.00000000e+00  4.20271591e-01 
 1.01000000e+00  5.88068897e-03  1.01000000e+00  4.21931103e-01 
 1.02000000e+00  5.96419517e-03  1.02000000e+00  4.23580483e-01 
 1.03000000e+00  6.04780012e-03  1.03000000e+00  4.25219988e-01 
 1.04000000e+00  6.13150134e-03  1.04000000e+00  4.26849866e-01 
 1.05000000e+00  6.21529646e-03  1.05000000e+00  4.28470354e-01 
 1.06000000e+00  6.29918316e-03  1.06000000e+00  4.30081684e-01 
 1.07000000e+00  6.38315922e-03  1.07000000e+00  4.31684078e-01 
 1.08000000e+00  6.46722251e-03  1.08000000e+00  4.33277749e-01 
 1.09000000e+00  6.55137094e-03  1.09000000e+00  4.34862906e-01 
 1.10000000e+00  6.63560253e-03  1.10000000e+00  4.36439747e-01 
 1.11000000e+00  6.71991534e-03  1.11000000e+00  4.38008466e-01 
 1.12000000e+00  6.80430750e-03  1.12000000e+00  4.39569250e-01 
 1.13000000e+00  6.88877720e-03  1.13000000e+00  4.41122280e-01 
 1.14000000e+00  6.97332270e-03  1.14000000e+00  4.42667730e-01 
 1.15000000e+00  7.05794231e-03  1.15000000e+00  4.44205769e-01 
 1.16000000e+00  7.14263438e-03  1.16000000e+00  4.45736562e-01 
 1.17000000e+00  7.22739735e-03  1.17000000e+00  4.47260265e-01 
 1.18000000e+00  7.31222966e-03  1.18000000e+00  4.48777034e-01 
 1.19000000e+00  7.39712985e-03  1.19000000e+00  4.50287015e-01 
 1.20000000e+00  7.48209645e-03  1.20000000e+00  4.51790355e-01 
 1.21000000e+00  7.56712809e-03  1.21000000e+00  4.53287191e-01 
 1.22000000e+00  7.65222340e-03  1.22000000e+00  4.54777660e-01 
 1.23000000e+00  7.73738106e-03  1.23000000e+00  4.56261894e-01 
 1.24000000e+00  7.82259982e-03  1.24000000e+00  4.57740018e-01 
 1.25000000e+00  7.90787843e-03  1.25000000e+00  4.59212157e-01 
 1.26000000e+00  7.99321568e-03  1.26000000e+00  4.60678432e-01 
 1.27000000e+00  8.07861042e-03  1.27000000e+00  4.62138958e-01 
 1.28000000e+00  8.16406151e-03  1.28000000e+00  4.63593849e-01 
 1.29000000e+00  8.24956785e-03  1.29000000e+00  4.65043215e-01 
 1.30000000e+00  8.33512838e-03  1.30000000e+00  4.66487162e-01 
 1.31000000e+00  8.42074205e-03  1.31000000e+00  4.67925795e-01 
 1.32000000e+00  8.50640785e-03  1.32000000e+00  4.69359215e-01 
 1.33000000e+00  8.59212480e-03  1.33000000e+00  4.70787520e-01 
 1.34000000e+00  8.67789196e-03  1.34000000e+00  4.72210804e-01 
 1.35000000e+00  8.76370837e-03  1.35000000e+00  4.73629163e-01 
 1.36000000e+00  8.84957316e-03  1.36000000e+00  4.75042684e-01 
 1.37000000e+00  8.93548542e-03  1.37000000e+00  4.76451458e-01 
 1.38000000e+00  9.02144431e-03  1.38000000e+00  4.77855569e-01 
 1.39000000e+00  9.10744899e-03  1.39000000e+00  4.79255101e-01 
 1.40000000e+00  9.19349865e-03  1.40000000e+00  4.80650135e-01 
 1.41000000e+00  9.27959249e-03  1.41000000e+00  4.82040751e-01 
 1.42000000e+00  9.36572975e-03  1.42000000e+00  4.83427025e-01 
 1.43000000e+00  9.45190967e-03  1.43000000e+00  4.84809033e-01 
 1.44000000e+00  9.53813152e-03  1.44000000e+00  4.86186848e-01 
 1.45000000e+00  9.62439459e-03  1.45000000e+00  4.87560541e-01 
 1.46000000e+00  9.71069817e-03  1.46000000e+00  4.88930183e-01 
 1.47000000e+00  9.79704159e-03  1.47000000e+00  4.90295841e-01 
 1.48000000e+00  9.88342418e-03  1.48000000e+00  4.91657582e-01 
 1.49000000e+00  9.96984530e-03  1.49000000e+00  4.93015470e-01 
 1.50000000e+00  1.00563043e-02  1.50000000e+00  4.94369568e-01 
 1.51000000e+00  1.01428006e-02  1.51000000e+00  4.95719938e-01 
 1.52000000e+00  1.02293336e-02  1.52000000e+00  4.97066641e-01 
 1.53000000e+00  1.03159027e-02  1.53000000e+00  4.98409735e-01 
 1.54000000e+00  1.04025072e-02  1.54000000e+00  4.99749277e-01 
 1.55000000e+00  1.04891468e-02  1.55000000e+00  5.01085324e-01 
 1.56000000e+00  1.05758207e-02  1.56000000e+00  5.02417929e-01 
 1.57000000e+00  1.06625285e-02  1.57000000e+00  5.03747148e-01 
 1.58000000e+00  1.07492697e-02  1.58000000e+00  5.05073032e-01 
 1.59000000e+00  1.08360437e-02  1.59000000e+00  5.06395632e-01 
 1.60000000e+00  1.09228500e-02  1.60000000e+00  5.07714998e-01 
 1.61000000e+00  1.10096882e-02  1.61000000e+00  5.09031180e-01 
 1.62000000e+00  1.10965578e-02  1.62000000e+00  5.10344224e-01 
 1.63000000e+00  1.11834582e-02  1.63000000e+00  5.11654178e-01 
 1.64000000e+00  1.12703891e-02  1.64000000e+00  5.12961087e-01 
 1.65000000e+00  1.13573500e-02  1.65000000e+00  5.14264996e-01 
 1.66000000e+00  1.14443405e-02  1.66000000e+00  5.15565949e-01 
 1.67000000e+00  1.15313601e-02  1.67000000e+00  5.16863988e-01 
 1.68000000e+00  1.16184084e-02  1.68000000e+00  5.18159157e-01 
 1.69000000e+00  1.17054851e-02  1.69000000e+00  5.19451494e-01 
 1.70000000e+00  1.17925896e-02  1.70000000e+00  5.20741042e-01 
 1.71000000e+00  1.18797216e-02  1.71000000e+00  5.22027839e-01 
 1.72000000e+00  1.19668808e-02  1.72000000e+00  5.23311923e-01 
 1.73000000e+00  1.20540667e-02  1.73000000e+00  5.24593333e-01 
 1.74000000e+00  1.21412789e-02  1.74000000e+00  5.25872106e-01 
 1.75000000e+00  1.22285172e-02  1.75000000e+00  5.27148277e-01 
 1.76000000e+00  1.23157812e-02  1.76000000e+00  5.28421882e-01 
 1.77000000e+00  1.24030704e-02  1.77000000e+00  5.29692956e-01 
 1.78000000e+00  1.24903847e-02  1.78000000e+00  5.30961534e-01 
 1.79000000e+00  1.25777235e-02  1.79000000e+00  5.32227647e-01 
 1.80000000e+00  1.26650867e-02  1.80000000e+00  5.33491330e-01 
 1.81000000e+00  1.27524739e-02  1.81000000e+00  5.34752615e-01 
 1.82000000e+00  1.28398847e-02  1.82000000e+00  5.36011532e-01 
 1.83000000e+00  1.29273189e-02  1.83000000e+00  5.37268113e-01 
 1.84000000e+00  1.30147761e-02  1.84000000e+00  5.38522388e-01 
 1.85000000e+00  1.31022561e-02  1.85000000e+00  5.39774387e-01 
 1.86000000e+00  1.31897586e-02  1.86000000e+00  5.41024139e-01 
 1.87000000e+00  1.32772833e-02  1.87000000e+00  5.42271672e-01 
 1.88000000e+00  1.33648298e-02  1.88000000e+00  5.43517016e-01 
 1.89000000e+00  1.34523980e-02  1.89000000e+00  5.44760196e-01 
 1.90000000e+00  1.35399876e-02  1.90000000e+00  5.46001241e-01 
 1.91000000e+00  1.36275982e-02  1.91000000e+00  5.47240177e-01 
 1.92000000e+00  1.37152297e-02  1.92000000e+00  5.48477029e-01 
 1.93000000e+00  1.38028818e-02  1.93000000e+00  5.49711824e-01 
 1.94000000e+00  1.38905541e-02  1.94000000e+00  5.50944587e-01 
 1.95000000e+00  1.39782466e-02  1.95000000e+00  5.52175342e-01 
 1.96000000e+00  1.40659589e-02  1.96000000e+00  5.53404114e-01 
 1.97000000e+00  1.41536907e-02  1.97000000e+00  5.54630926e-01 
 1.98000000e+00  1.42414420e-02  1.98000000e+00  5.55855802e-01 
 1.99000000e+00  1.43292124e-02  1.99000000e+00  5.57078765e-01 
 2.00000000e+00  1.44170016e-02  2.00000000e+00  5.58299837e-01 
