-2.00000000e+00 -1.80507341e-03 -2.00000000e+00 -1.81949266e+00 
-1.99000000e+00 -1.79606542e-03 -1.99000000e+00 -1.81039346e+00 
-1.98000000e+00 -1.78705639e-03 -1.98000000e+00 -1.80129436e+00 
-1.97000000e+00 -1.77804637e-03 -1.97000000e+00 -1.79219536e+00 
-1.96000000e+00 -1.76903736e-03 -1.96000000e+00 -1.78309626e+00 
-1.95000000e+00 -1.76002835e-03 -1.95000000e+00 -1.77399716e+00 
-1.94000000e+00 -1.75101934e-03 -1.94000000e+00 -1.76489807e+00 
-1.93000000e+00 -1.74201033e-03 -1.93000000e+00 -1.75579897e+00 
-1.92000000e+00 -1.73300132e-03 -1.92000000e+00 -1.74669987e+00 
-1.91000000e+00 -1.72399231e-03 -1.91000000e+00 -1.73760077e+00 
-1.90000000e+00 -1.71498330e-03 -1.90000000e+00 -1.72850167e+00 
-1.89000000e+00 -1.70597429e-03 -1.89000000e+00 -1.71940257e+00 
-1.88000000e+00 -1.69696527e-03 -1.88000000e+00 -1.71030347e+00 
-1.87000000e+00 -1.68795626e-03 -1.87000000e+00 -1.70120437e+00 
-1.86000000e+00 -1.67894725e-03 -1.86000000e+00 -1.69210527e+00 
-1.85000000e+00 -1.66993824e-03 -1.85000000e+00 -1.68300618e+00 
-1.84000000e+00 -1.66092923e-03 -1.84000000e+00 -1.67390708e+00 
-1.83000000e+00 -1.65192022e-03 -1.83000000e+00 -1.66480798e+00 
-1.82000000e+00 -1.64291121e-03 -1.82000000e+00 -1.65570888e+00 
-1.81000000e+00 -1.63390219e-03 -1.81000000e+00 -1.64660978e+00 
-1.80000000e+00 -1.62489318e-03 -1.80000000e+00 -1.63751068e+00 
-1.79000000e+00 -1.61588417e-03 -1.79000000e+00 -1.62841158e+00 
-1.78000000e+00 -1.60687516e-03 -1.78000000e+00 -1.61931248e+00 
-1.77000000e+00 -1.59786615e-03 -1.77000000e+00 -1.61021339e+00 
-1.76000000e+00 -1.58885714e-03 -1.76000000e+00 -1.60111429e+00 
-1.75000000e+00 -1.57984812e-03 -1.75000000e+00 -1.59201519e+00 
-1.74000000e+00 -1.57083911e-03 -1.74000000e+00 -1.58291609e+00 
-1.73000000e+00 -1.56183010e-03 -1.73000000e+00 -1.57381699e+00 
-1.72000000e+00 -1.55282109e-03 -1.72000000e+00 -1.56471789e+00 
-1.71000000e+00 -1.54381208e-03 -1.71000000e+00 -1.55561879e+00 
-1.70000000e+00 -1.53480306e-03 -1.70000000e+00 -1.54651969e+00 
-1.69000000e+00 -1.52579405e-03 -1.69000000e+00 -1.53742059e+00 
-1.68000000e+00 -1.51678504e-03 -1.68000000e+00 -1.52832150e+00 
-1.67000000e+00 -1.50777603e-03 -1.67000000e+00 -1.51922240e+00 
-1.66000000e+00 -1.49876701e-03 -1.66000000e+00 -1.51012330e+00 
-1.65000000e+00 -1.48975800e-03 -1.65000000e+00 -1.50102420e+00 
-1.64000000e+00 -1.48074899e-03 -1.64000000e+00 -1.49192510e+00 
-1.63000000e+00 -1.47173998e-03 -1.63000000e+00 -1.48282600e+00 
-1.62000000e+00 -1.46273096e-03 -1.62000000e+00 -1.47372690e+00 
-1.61000000e+00 -1.45372195e-03 -1.61000000e+00 -1.46462781e+00 
-1.60000000e+00 -1.44471294e-03 -1.60000000e+00 -1.45552871e+00 
-1.59000000e+00 -1.43570392e-03 -1.59000000e+00 -1.44642961e+00 
-1.58000000e+00 -1.42669491e-03 -1.58000000e+00 -1.43733051e+00 
-1.57000000e+00 -1.41768590e-03 -1.57000000e+00 -1.42823141e+00 
-1.56000000e+00 -1.40867688e-03 -1.56000000e+00 -1.41913231e+00 
-1.55000000e+00 -1.39966787e-03 -1.55000000e+00 -1.41003321e+00 
-1.54000000e+00 -1.39065886e-03 -1.54000000e+00 -1.40093411e+00 
-1.53000000e+00 -1.38164984e-03 -1.53000000e+00 -1.39183502e+00 
-1.52000000e+00 -1.37264083e-03 -1.52000000e+00 -1.38273592e+00 
-1.51000000e+00 -1.36363181e-03 -1.51000000e+00 -1.37363682e+00 
-1.50000000e+00 -1.35462280e-03 -1.50000000e+00 -1.36453772e+00 
-1.49000000e+00 -1.34561379e-03 -1.49000000e+00 -1.35543862e+00 
-1.48000000e+00 -1.33660477e-03 -1.48000000e+00 -1.34633952e+00 
-1.47000000e+00 -1.32759576e-03 -1.47000000e+00 -1.33724042e+00 
-1.46000000e+00 -1.31858674e-03 -1.46000000e+00 -1.32814133e+00 
-1.45000000e+00 -1.30957773e-03 -1.45000000e+00 -1.31904223e+00 
-1.44000000e+00 -1.30056871e-03 -1.44000000e+00 -1.30994313e+00 
-1.43000000e+00 -1.29155970e-03 -1.43000000e+00 -1.30084403e+00 
-1.42000000e+00 -1.28255068e-03 -1.42000000e+00 -1.29174493e+00 
-1.41000000e+00 -1.27354166e-03 -1.41000000e+00 -1.28264583e+00 
-1.40000000e+00 -1.26453265e-03 -1.40000000e+00 -1.27354674e+00 
-1.39000000e+00 -1.25552363e-03 -1.39000000e+00 -1.26444764e+00 
-1.38000000e+00 -1.24651462e-03 -1.38000000e+00 -1.25534854e+00 
-1.37000000e+00 -1.23750560e-03 -1.37000000e+00 -1.24624944e+00 
-1.36000000e+00 -1.22849658e-03 -1.36000000e+00 -1.23715034e+00 
-1.35000000e+00 -1.21948756e-03 -1.35000000e+00 -1.22805124e+00 
-1.34000000e+00 -1.21047855e-03 -1.34000000e+00 -1.21895215e+00 
-1.33000000e+00 -1.20146953e-03 -1.33000000e+00 -1.20985305e+00 
-1.32000000e+00 -1.19246051e-03 -1.32000000e+00 -1.20075395e+00 
-1.31000000e+00 -1.18345149e-03 -1.31000000e+00 -1.19165485e+00 
-1.30000000e+00 -1.17444248e-03 -1.30000000e+00 -1.18255575e+00 
-1.29000000e+00 -1.16543346e-03 -1.29000000e+00 -1.17345665e+00 
-1.28000000e+00 -1.15642444e-03 -1.28000000e+00 -1.16435756e+00 
-1.27000000e+00 -1.14741542e-03 -1.27000000e+00 -1.15525846e+00 
-1.26000000e+00 -1.13840640e-03 -1.26000000e+00 -1.14615936e+00 
-1.25000000e+00 -1.12939738e-03 -1.25000000e+00 -1.13706026e+00 
-1.24000000e+00 -1.12038836e-03 -1.24000000e+00 -1.12796116e+00 
-1.23000000e+00 -1.11137934e-03 -1.23000000e+00 -1.11886207e+00 
-1.22000000e+00 -1.10237032e-03 -1.22000000e+00 -1.10976297e+00 
-1.21000000e+00 -1.09336130e-03 -1.21000000e+00 -1.10066387e+00 
-1.20000000e+00 -1.08435227e-03 -1.20000000e+00 -1.09156477e+00 
-1.19000000e+00 -1.07534325e-03 -1.19000000e+00 -1.08246567e+00 
-1.18000000e+00 -1.06633423e-03 -1.18000000e+00 -1.07336658e+00 
-1.17000000e+00 -1.05732521e-03 -1.17000000e+00 -1.06426748e+00 
-1.16000000e+00 -1.04831618e-03 -1.16000000e+00 -1.05516838e+00 
-1.15000000e+00 -1.03930716e-03 -1.15000000e+00 -1.04606928e+00 
-1.14000000e+00 -1.03029813e-03 -1.14000000e+00 -1.03697019e+00 
-1.13000000e+00 -1.02128911e-03 -1.13000000e+00 -1.02787109e+00 
-1.12000000e+00 -1.01228008e-03 -1.12000000e+00 -1.01877199e+00 
-1.11000000e+00 -1.00327106e-03 -1.11000000e+00 -1.00967289e+00 
-1.10000000e+00 -9.94262028e-04 -1.10000000e+00 -1.00057380e+00 
-1.09000000e+00 -9.85253000e-04 -1.09000000e+00 -9.91474700e-01 
-1.08000000e+00 -9.76243972e-04 -1.08000000e+00 -9.82375603e-01 
-1.07000000e+00 -9.67234943e-04 -1.07000000e+00 -9.73276506e-01 
-1.06000000e+00 -9.58225913e-04 -1.06000000e+00 -9.64177409e-01 
-1.05000000e+00 -9.49216882e-04 -1.05000000e+00 -9.55078312e-01 
-1.04000000e+00 -9.40207850e-04 -1.04000000e+00 -9.45979215e-01 
-1.03000000e+00 -9.31198817e-04 -1.03000000e+00 -9.36880118e-01 
-1.02000000e+00 -9.22189784e-04 -1.02000000e+00 -9.27781022e-01 
-1.01000000e+00 -9.13180749e-04 -1.01000000e+00 -9.18681925e-01 
-1.00000000e+00 -9.04171714e-04 -1.00000000e+00 -9.09582829e-01 
-9.90000000e-01 -8.95162677e-04 -9.90000000e-01 -9.00483732e-01 
-9.80000000e-01 -8.86153639e-04 -9.80000000e-01 -8.91384636e-01 
-9.70000000e-01 -8.77144601e-04 -9.70000000e-01 -8.82285540e-01 
-9.60000000e-01 -8.68135560e-04 -9.60000000e-01 -8.73186444e-01 
-9.50000000e-01 -8.59126519e-04 -9.50000000e-01 -8.64087348e-01 
-9.40000000e-01 -8.50117476e-04 -9.40000000e-01 -8.54988252e-01 
-9.30000000e-01 -8.41108431e-04 -9.30000000e-01 -8.45889157e-01 
-9.20000000e-01 -8.32099385e-04 -9.20000000e-01 -8.36790061e-01 
-9.10000000e-01 -8.23090338e-04 -9.10000000e-01 -8.27690966e-01 
-9.00000000e-01 -8.14081288e-04 -9.00000000e-01 -8.18591871e-01 
-8.90000000e-01 -8.05072237e-04 -8.90000000e-01 -8.09492776e-01 
-8.80000000e-01 -7.96063184e-04 -8.80000000e-01 -8.00393682e-01 
-8.70000000e-01 -7.87054129e-04 -8.70000000e-01 -7.91294587e-01 
-8.60000000e-01 -7.78045072e-04 -8.60000000e-01 -7.82195493e-01 
-8.50000000e-01 -7.69036012e-04 -8.50000000e-01 -7.73096399e-01 
-8.40000000e-01 -7.60026950e-04 -8.40000000e-01 -7.63997305e-01 
-8.30000000e-01 -7.51017885e-04 -8.30000000e-01 -7.54898211e-01 
-8.20000000e-01 -7.42008818e-04 -8.20000000e-01 -7.45799118e-01 
-8.10000000e-01 -7.32999748e-04 -8.10000000e-01 -7.36700025e-01 
-8.00000000e-01 -7.23990674e-04 -8.00000000e-01 -7.27600933e-01 
-7.90000000e-01 -7.14981597e-04 -7.90000000e-01 -7.18501840e-01 
-7.80000000e-01 -7.05972517e-04 -7.80000000e-01 -7.09402748e-01 
-7.70000000e-01 -6.96963433e-04 -7.70000000e-01 -7.00303657e-01 
-7.60000000e-01 -6.87954345e-04 -7.60000000e-01 -6.91204565e-01 
-7.50000000e-01 -6.78945253e-04 -7.50000000e-01 -6.82105475e-01 
-7.40000000e-01 -6.69936156e-04 -7.40000000e-01 -6.73006384e-01 
-7.30000000e-01 -6.60927054e-04 -7.30000000e-01 -6.63907295e-01 
-7.20000000e-01 -6.51917947e-04 -7.20000000e-01 -6.54808205e-01 
-7.10000000e-01 -6.42908835e-04 -7.10000000e-01 -6.45709117e-01 
-7.00000000e-01 -6.33899716e-04 -7.00000000e-01 -6.36610028e-01 
-6.90000000e-01 -6.24890592e-04 -6.90000000e-01 -6.27510941e-01 
-6.80000000e-01 -6.15881460e-04 -6.80000000e-01 -6.18411854e-01 
-6.70000000e-01 -6.06872320e-04 -6.70000000e-01 -6.09312768e-01 
-6.60000000e-01 -5.97863173e-04 -6.60000000e-01 -6.00213683e-01 
-6.50000000e-01 -5.88854017e-04 -6.50000000e-01 -5.91114598e-01 
-6.40000000e-01 -5.79844852e-04 -6.40000000e-01 -5.82015515e-01 
-6.30000000e-01 -5.70835677e-04 -6.30000000e-01 -5.72916432e-01 
-6.20000000e-01 -5.61826490e-04 -6.20000000e-01 -5.63817351e-01 
-6.10000000e-01 -5.52817292e-04 -6.10000000e-01 -5.54718271e-01 
-6.00000000e-01 -5.43808081e-04 -6.00000000e-01 -5.45619192e-01 
-5.90000000e-01 -5.34798857e-04 -5.90000000e-01 -5.36520114e-01 
-5.80000000e-01 -5.25789617e-04 -5.80000000e-01 -5.27421038e-01 
-5.70000000e-01 -5.16780360e-04 -5.70000000e-01 -5.18321964e-01 
-5.60000000e-01 -5.07771086e-04 -5.60000000e-01 -5.09222891e-01 
-5.50000000e-01 -4.98761792e-04 -5.50000000e-01 -5.00123821e-01 
-5.40000000e-01 -4.89752477e-04 -5.40000000e-01 -4.91024752e-01 
-5.30000000e-01 -4.80743138e-04 -5.30000000e-01 -4.81925686e-01 
-5.20000000e-01 -4.71733773e-04 -5.20000000e-01 -4.72826623e-01 
-5.10000000e-01 -4.62724380e-04 -5.10000000e-01 -4.63727562e-01 
-5.00000000e-01 -4.53714955e-04 -5.00000000e-01 -4.54628504e-01 
-4.90000000e-01 -4.44705496e-04 -4.90000000e-01 -4.45529450e-01 
-4.80000000e-01 -4.35695999e-04 -4.80000000e-01 -4.36430400e-01 
-4.70000000e-01 -4.26686459e-04 -4.70000000e-01 -4.27331354e-01 
-4.60000000e-01 -4.17676872e-04 -4.60000000e-01 -4.18232313e-01 
-4.50000000e-01 -4.08667233e-04 -4.50000000e-01 -4.09133277e-01 
-4.40000000e-01 -3.99657535e-04 -4.40000000e-01 -4.00034247e-01 
-4.30000000e-01 -3.90647771e-04 -4.30000000e-01 -3.90935223e-01 
-4.20000000e-01 -3.81637935e-04 -4.20000000e-01 -3.81836207e-01 
-4.10000000e-01 -3.72628015e-04 -4.10000000e-01 -3.72737198e-01 
-4.00000000e-01 -3.63618003e-04 -4.00000000e-01 -3.63638200e-01 
-3.90000000e-01 -3.54607885e-04 -3.90000000e-01 -3.54539212e-01 
-3.80000000e-01 -3.45597647e-04 -3.80000000e-01 -3.45440235e-01 
-3.70000000e-01 -3.36587274e-04 -3.70000000e-01 -3.36341273e-01 
-3.60000000e-01 -3.27576745e-04 -3.60000000e-01 -3.27242326e-01 
-3.50000000e-01 -3.18566037e-04 -3.50000000e-01 -3.18143396e-01 
-3.40000000e-01 -3.09555124e-04 -3.40000000e-01 -3.09044488e-01 
-3.30000000e-01 -3.00543975e-04 -3.30000000e-01 -2.99945603e-01 
-3.20000000e-01 -2.91532550e-04 -3.20000000e-01 -2.90846745e-01 
-3.10000000e-01 -2.82520804e-04 -3.10000000e-01 -2.81747920e-01 
-3.00000000e-01 -2.73508682e-04 -3.00000000e-01 -2.72649132e-01 
-2.90000000e-01 -2.64496118e-04 -2.90000000e-01 -2.63550388e-01 
-2.80000000e-01 -2.55483030e-04 -2.80000000e-01 -2.54451697e-01 
-2.70000000e-01 -2.46469317e-04 -2.70000000e-01 -2.45353068e-01 
-2.60000000e-01 -2.37454856e-04 -2.60000000e-01 -2.36254514e-01 
-2.50000000e-01 -2.28439492e-04 -2.50000000e-01 -2.27156051e-01 
-2.40000000e-01 -2.19423031e-04 -2.40000000e-01 -2.18057697e-01 
-2.30000000e-01 -2.10405225e-04 -2.30000000e-01 -2.08959477e-01 
-2.20000000e-01 -2.01385758e-04 -2.20000000e-01 -1.99861424e-01 
-2.10000000e-01 -1.92364217e-04 -2.10000000e-01 -1.90763578e-01 
-2.00000000e-01 -1.83340065e-04 -2.00000000e-01 -1.81665993e-01 
-1.90000000e-01 -1.74312586e-04 -1.90000000e-01 -1.72568741e-01 
-1.80000000e-01 -1.65280815e-04 -1.80000000e-01 -1.63471919e-01 
-1.70000000e-01 -1.56243433e-04 -1.70000000e-01 -1.54375657e-01 
-1.60000000e-01 -1.47200494e-04 -1.60000000e-01 -1.45279951e-01 
-1.50000000e-01 -1.38151691e-04 -1.50000000e-01 -1.36184831e-01 
-1.40000000e-01 -1.29095540e-04 -1.40000000e-01 -1.27090446e-01 
-1.30000000e-01 -1.20030685e-04 -1.30000000e-01 -1.17996932e-01 
-1.20000000e-01 -1.10955522e-04 -1.20000000e-01 -1.08904448e-01 
-1.10000000e-01 -1.01868152e-04 -1.10000000e-01 -9.98131848e-02 
-1.00000000e-01 -9.27663279e-05 -1.00000000e-01 -9.07233672e-02 
-9.00000000e-02 -8.36473899e-05 -9.00000000e-02 -8.16352610e-02 
-8.00000000e-02 -7.45081925e-05 -8.00000000e-02 -7.25491807e-02 
-7.00000000e-02 -6.53450159e-05 -7.00000000e-02 -6.34654984e-02 
-6.00000000e-02 -5.61534625e-05 -6.00000000e-02 -5.43846538e-02 
-5.00000000e-02 -4.69283363e-05 -5.00000000e-02 -4.53071664e-02 
-4.00000000e-02 -3.76635006e-05 -4.00000000e-02 -3.62336499e-02 
-3.00000000e-02 -2.83517121e-05 -3.00000000e-02 -2.71648288e-02 
-2.00000000e-02 -1.89547902e-05 -2.00000000e-02 -1.81045210e-02 
-1.00000000e-02 -9.51657724e-06 -1.00000000e-02 -9.04834228e-03 
 1.64104841e-15 -1.19148240e-14  1.64104841e-15  1.19312345e-12 
 1.00000000e-02  9.60903828e-06  1.00000000e-02  9.03909617e-03 
 2.00000000e-02  1.93270870e-05  2.00000000e-02  1.80672913e-02 
 3.00000000e-02  2.91735424e-05  3.00000000e-02  2.70826458e-02 
 4.00000000e-02  3.91710922e-05  4.00000000e-02  3.60828908e-02 
 5.00000000e-02  4.93462129e-05  5.00000000e-02  4.50653787e-02 
 6.00000000e-02  5.97297177e-05  6.00000000e-02  5.40270282e-02 
 7.00000000e-02  7.03573528e-05  7.00000000e-02  6.29642647e-02 
 8.00000000e-02  8.12704310e-05  8.00000000e-02  7.18729569e-02 
 9.00000000e-02  9.25164895e-05  9.00000000e-02  8.07483511e-02 
 1.00000000e-01  1.04149948e-04  1.00000000e-01  8.95850052e-02 
 1.10000000e-01  1.16232733e-04  1.10000000e-01  9.83767267e-02 
 1.20000000e-01  1.28834830e-04  1.20000000e-01  1.07116517e-01 
 1.30000000e-01  1.42034696e-04  1.30000000e-01  1.15796530e-01 
 1.40000000e-01  1.55919472e-04  1.40000000e-01  1.24408053e-01 
 1.50000000e-01  1.70584926e-04  1.50000000e-01  1.32941507e-01 
 1.60000000e-01  1.86135018e-04  1.60000000e-01  1.41386498e-01 
 1.70000000e-01  2.02681045e-04  1.70000000e-01  1.49731896e-01 
 1.80000000e-01  2.20340270e-04  1.80000000e-01  1.57965973e-01 
 1.90000000e-01  2.39234035e-04  1.90000000e-01  1.66076597e-01 
 2.00000000e-01  2.59485338e-04  2.00000000e-01  1.74051466e-01 
 2.10000000e-01  2.81215978e-04  2.10000000e-01  1.81878402e-01 
 2.20000000e-01  3.04543365e-04  2.20000000e-01  1.89545664e-01 
 2.30000000e-01  3.29577200e-04  2.30000000e-01  1.97042280e-01 
 2.40000000e-01  3.56416257e-04  2.40000000e-01  2.04358374e-01 
 2.50000000e-01  3.85145478e-04  2.50000000e-01  2.11485452e-01 
 2.60000000e-01  4.15833639e-04  2.60000000e-01  2.18416636e-01 
 2.70000000e-01  4.48531725e-04  2.70000000e-01  2.25146827e-01 
 2.80000000e-01  4.83272134e-04  2.80000000e-01  2.31672787e-01 
 2.90000000e-01  5.20068701e-04  2.90000000e-01  2.37993130e-01 
 3.00000000e-01  5.58917491e-04  3.00000000e-01  2.44108251e-01 
 3.10000000e-01  5.99798222e-04  3.10000000e-01  2.50020178e-01 
 3.20000000e-01  6.42676159e-04  3.20000000e-01  2.55732384e-01 
 3.30000000e-01  6.87504278e-04  3.30000000e-01  2.61249572e-01 
 3.40000000e-01  7.34225564e-04  3.40000000e-01  2.66577444e-01 
 3.50000000e-01  7.82775271e-04  3.50000000e-01  2.71722473e-01 
 3.60000000e-01  8.33083045e-04  3.60000000e-01  2.76691695e-01 
 3.70000000e-01  8.84245794e-04  3.70000000e-01  2.81575421e-01 
 3.80000000e-01  9.37918387e-04  3.80000000e-01  2.86208161e-01 
 3.90000000e-01  9.93084509e-04  3.90000000e-01  2.90691549e-01 
 4.00000000e-01  1.04970681e-03  4.00000000e-01  2.95029319e-01 
 4.10000000e-01  1.10770855e-03  4.10000000e-01  2.99229145e-01 
 4.20000000e-01  1.16701686e-03  4.20000000e-01  3.03298314e-01 
 4.30000000e-01  1.22756145e-03  4.30000000e-01  3.07243855e-01 
 4.40000000e-01  1.28927506e-03  4.40000000e-01  3.11072494e-01 
 4.50000000e-01  1.35209361e-03  4.50000000e-01  3.14790639e-01 
 4.60000000e-01  1.41595631e-03  4.60000000e-01  3.18404369e-01 
 4.70000000e-01  1.48080571e-03  4.70000000e-01  3.21919429e-01 
 4.80000000e-01  1.54658761e-03  4.80000000e-01  3.25341239e-01 
 4.90000000e-01  1.61325103e-03  4.90000000e-01  3.28674897e-01 
 5.00000000e-01  1.68074807e-03  5.00000000e-01  3.31925193e-01 
 5.10000000e-01  1.74903378e-03  5.10000000e-01  3.35096622e-01 
 5.20000000e-01  1.81806602e-03  5.20000000e-01  3.38193398e-01 
 5.30000000e-01  1.88780533e-03  5.30000000e-01  3.41219467e-01 
 5.40000000e-01  1.95821474e-03  5.40000000e-01  3.44178526e-01 
 5.50000000e-01  2.02925963e-03  5.50000000e-01  3.47074037e-01 
 5.60000000e-01  2.10090758e-03  5.60000000e-01  3.49909242e-01 
 5.70000000e-01  2.17312826e-03  5.70000000e-01  3.52687174e-01 
 5.80000000e-01  2.24589322e-03  5.80000000e-01  3.55410678e-01 
 5.90000000e-01  2.31917584e-03  5.90000000e-01  3.58082416e-01 
 6.00000000e-01  2.39295115e-03  6.00000000e-01  3.60704885e-01 
 6.10000000e-01  2.46719572e-03  6.10000000e-01  3.63280428e-01 
 6.20000000e-01  2.54188760e-03  6.20000000e-01  3.65811240e-01 
 6.30000000e-01  2.61700614e-03  6.30000000e-01  3.68299386e-01 
 6.40000000e-01  2.69253198e-03  6.40000000e-01  3.70746802e-01 
 6.50000000e-01  2.76844690e-03  6.50000000e-01  3.73155310e-01 
 6.60000000e-01  2.84473375e-03  6.60000000e-01  3.75526625e-01 
 6.70000000e-01  2.92137642e-03  6.70000000e-01  3.77862358e-01 
 6.80000000e-01  2.99835969e-03  6.80000000e-01  3.80164031e-01 
 6.90000000e-01  3.07566926e-03  6.90000000e-01  3.82433074e-01 
 7.00000000e-01  3.15329161e-03  7.00000000e-01  3.84670839e-01 
 7.10000000e-01  3.23121399e-03  7.10000000e-01  3.86878601e-01 
 7.20000000e-01  3.30942434e-03  7.20000000e-01  3.89057566e-01 
 7.30000000e-01  3.38791128e-03  7.30000000e-01  3.91208872e-01 
 7.40000000e-01  3.46666402e-03  7.40000000e-01  3.93333598e-01 
 7.50000000e-01  3.54567238e-03  7.50000000e-01  3.95432762e-01 
 7.60000000e-01  3.62492668e-03  7.60000000e-01  3.97507332e-01 
 7.70000000e-01  3.70441776e-03  7.70000000e-01  3.99558224e-01 
 7.80000000e-01  3.78413693e-03  7.80000000e-01  4.01586307e-01 
 7.90000000e-01  3.86407594e-03  7.90000000e-01  4.03592406e-01 
 8.00000000e-01  3.94422696e-03  8.00000000e-01  4.05577304e-01 
 8.10000000e-01  4.02458253e-03  8.10000000e-01  4.07541747e-01 
 8.20000000e-01  4.10513556e-03  8.20000000e-01  4.09486444e-01 
 8.30000000e-01  4.18587931e-03  8.30000000e-01  4.11412069e-01 
 8.40000000e-01  4.26680736e-03  8.40000000e-01  4.13319264e-01 
 8.50000000e-01  4.34791359e-03  8.50000000e-01  4.15208641e-01 
 8.60000000e-01  4.42919215e-03  8.60000000e-01  4.17080785e-01 
 8.70000000e-01  4.51063749e-03  8.70000000e-01  4.18936251e-01 
 8.80000000e-01  4.59224427e-03  8.80000000e-01  4.20775573e-01 
 8.90000000e-01  4.67400743e-03  8.90000000e-01  4.22599257e-01 
 9.00000000e-01  4.75592210e-03  9.00000000e-01  4.24407790e-01 
 9.10000000e-01  4.83798365e-03  9.10000000e-01  4.26201635e-01 
 9.20000000e-01  4.92018764e-03  9.20000000e-01  4.27981236e-01 
 9.30000000e-01  5.00252981e-03  9.30000000e-01  4.29747019e-01 
 9.40000000e-01  5.08500609e-03  9.40000000e-01  4.31499391e-01 
 9.50000000e-01  5.16761258e-03  9.50000000e-01  4.33238742e-01 
 9.60000000e-01  5.25034554e-03  9.60000000e-01  4.34965446e-01 
 9.70000000e-01  5.33320137e-03  9.70000000e-01  4.36679863e-01 
 9.80000000e-01  5.41617663e-03  9.80000000e-01  4.38382337e-01 
 9.90000000e-01  5.49926802e-03  9.90000000e-01  4.40073198e-01 
 1.00000000e+00  5.58247235e-03  1.00000000e+00  4.41752765e-01 
 1.01000000e+00  5.66578658e-03  1.01000000e+00  4.43421342e-01 
 1.02000000e+00  5.74920776e-03  1.02000000e+00  4.45079224e-01 
 1.03000000e+00  5.83273308e-03  1.03000000e+00  4.46726692e-01 
 1.04000000e+00  5.91635981e-03  1.04000000e+00  4.48364019e-01 
 1.05000000e+00  6.00008534e-03  1.05000000e+00  4.49991466e-01 
 1.06000000e+00  6.08390714e-03  1.06000000e+00  4.51609286e-01 
 1.07000000e+00  6.16782279e-03  1.07000000e+00  4.53217721e-01 
 1.08000000e+00  6.25182996e-03  1.08000000e+00  4.54817004e-01 
 1.09000000e+00  6.33592637e-03  1.09000000e+00  4.56407363e-01 
 1.10000000e+00  6.42010986e-03  1.10000000e+00  4.57989014e-01 
 1.11000000e+00  6.50437831e-03  1.11000000e+00  4.59562169e-01 
 1.12000000e+00  6.58872972e-03  1.12000000e+00  4.61127028e-01 
 1.13000000e+00  6.67316211e-03  1.13000000e+00  4.62683789e-01 
 1.14000000e+00  6.75767359e-03  1.14000000e+00  4.64232641e-01 
 1.15000000e+00  6.84226233e-03  1.15000000e+00  4.65773767e-01 
 1.16000000e+00  6.92692657e-03  1.16000000e+00  4.67307343e-01 
 1.17000000e+00  7.01166460e-03  1.17000000e+00  4.68833540e-01 
 1.18000000e+00  7.09647475e-03  1.18000000e+00  4.70352525e-01 
 1.19000000e+00  7.18135544e-03  1.19000000e+00  4.71864456e-01 
 1.20000000e+00  7.26630511e-03  1.20000000e+00  4.73369489e-01 
 1.21000000e+00  7.35132226e-03  1.21000000e+00  4.74867774e-01 
 1.22000000e+00  7.43640544e-03  1.22000000e+00  4.76359456e-01 
 1.23000000e+00  7.52155323e-03  1.23000000e+00  4.77844677e-01 
 1.24000000e+00  7.60676428e-03  1.24000000e+00  4.79323572e-01 
 1.25000000e+00  7.69203726e-03  1.25000000e+00  4.80796274e-01 
 1.26000000e+00  7.77737089e-03  1.26000000e+00  4.82262911e-01 
 1.27000000e+00  7.86276392e-03  1.27000000e+00  4.83723608e-01 
 1.28000000e+00  7.94821515e-03  1.28000000e+00  4.85178485e-01 
 1.29000000e+00  8.03372340e-03  1.29000000e+00  4.86627660e-01 
 1.30000000e+00  8.11928753e-03  1.30000000e+00  4.88071247e-01 
 1.31000000e+00  8.20490645e-03  1.31000000e+00  4.89509355e-01 
 1.32000000e+00  8.29057907e-03  1.32000000e+00  4.90942093e-01 
 1.33000000e+00  8.37630435e-03  1.33000000e+00  4.92369565e-01 
 1.34000000e+00  8.46208128e-03  1.34000000e+00  4.93791872e-01 
 1.35000000e+00  8.54790888e-03  1.35000000e+00  4.95209112e-01 
 1.36000000e+00  8.63378618e-03  1.36000000e+00  4.96621382e-01 
 1.37000000e+00  8.71971226e-03  1.37000000e+00  4.98028774e-01 
 1.38000000e+00  8.80568620e-03  1.38000000e+00  4.99431380e-01 
 1.39000000e+00  8.89170713e-03  1.39000000e+00  5.00829287e-01 
 1.40000000e+00  8.97777419e-03  1.40000000e+00  5.02222581e-01 
 1.41000000e+00  9.06388654e-03  1.41000000e+00  5.03611346e-01 
 1.42000000e+00  9.15004336e-03  1.42000000e+00  5.04995664e-01 
 1.43000000e+00  9.23624387e-03  1.43000000e+00  5.06375613e-01 
 1.44000000e+00  9.32248730e-03  1.44000000e+00  5.07751270e-01 
 1.45000000e+00  9.40877289e-03  1.45000000e+00  5.09122711e-01 
 1.46000000e+00  9.49509991e-03  1.46000000e+00  5.10490009e-01 
 1.47000000e+00  9.58146764e-03  1.47000000e+00  5.11853236e-01 
 1.48000000e+00  9.66787539e-03  1.48000000e+00  5.13212461e-01 
 1.49000000e+00  9.75432248e-03  1.49000000e+00  5.14567752e-01 
 1.50000000e+00  9.84080825e-03  1.50000000e+00  5.15919175e-01 
 1.51000000e+00  9.92733205e-03  1.51000000e+00  5.17266795e-01 
 1.52000000e+00  1.00138933e-02  1.52000000e+00  5.18610674e-01 
 1.53000000e+00  1.01004912e-02  1.53000000e+00  5.19950875e-01 
 1.54000000e+00  1.01871254e-02  1.54000000e+00  5.21287458e-01 
 1.55000000e+00  1.02737952e-02  1.55000000e+00  5.22620480e-01 
 1.56000000e+00  1.03605000e-02  1.56000000e+00  5.23950000e-01 
 1.57000000e+00  1.04472393e-02  1.57000000e+00  5.25276072e-01 
 1.58000000e+00  1.05340125e-02  1.58000000e+00  5.26598752e-01 
 1.59000000e+00  1.06208191e-02  1.59000000e+00  5.27918094e-01 
 1.60000000e+00  1.07076585e-02  1.60000000e+00  5.29234148e-01 
 1.61000000e+00  1.07945303e-02  1.61000000e+00  5.30546965e-01 
 1.62000000e+00  1.08814340e-02  1.62000000e+00  5.31856597e-01 
 1.63000000e+00  1.09683691e-02  1.63000000e+00  5.33163091e-01 
 1.64000000e+00  1.10553351e-02  1.64000000e+00  5.34466494e-01 
 1.65000000e+00  1.11423315e-02  1.65000000e+00  5.35766854e-01 
 1.66000000e+00  1.12293578e-02  1.66000000e+00  5.37064215e-01 
 1.67000000e+00  1.13164138e-02  1.67000000e+00  5.38358623e-01 
 1.68000000e+00  1.14034988e-02  1.68000000e+00  5.39650120e-01 
 1.69000000e+00  1.14906125e-02  1.69000000e+00  5.40938750e-01 
 1.70000000e+00  1.15777545e-02  1.70000000e+00  5.42224553e-01 
 1.71000000e+00  1.16649243e-02  1.71000000e+00  5.43507572e-01 
 1.72000000e+00  1.17521216e-02  1.72000000e+00  5.44787844e-01 
 1.73000000e+00  1.18393459e-02  1.73000000e+00  5.46065411e-01 
 1.74000000e+00  1.19265969e-02  1.74000000e+00  5.47340309e-01 
 1.75000000e+00  1.20138742e-02  1.75000000e+00  5.48612577e-01 
 1.76000000e+00  1.21011775e-02  1.76000000e+00  5.49882251e-01 
 1.77000000e+00  1.21885063e-02  1.77000000e+00  5.51149367e-01 
 1.78000000e+00  1.22758604e-02  1.78000000e+00  5.52413960e-01 
 1.79000000e+00  1.23632394e-02  1.79000000e+00  5.53676064e-01 
 1.80000000e+00  1.24506429e-02  1.80000000e+00  5.54935715e-01 
 1.81000000e+00  1.25380706e-02  1.81000000e+00  5.56192944e-01 
 1.82000000e+00  1.26255222e-02  1.82000000e+00  5.57447784e-01 
 1.83000000e+00  1.27129973e-02  1.83000000e+00  5.58700267e-01 
 1.84000000e+00  1.28004958e-02  1.84000000e+00  5.59950425e-01 
 1.85000000e+00  1.28880171e-02  1.85000000e+00  5.61198287e-01 
 1.86000000e+00  1.29755612e-02  1.86000000e+00  5.62443884e-01 
 1.87000000e+00  1.30631275e-02  1.87000000e+00  5.63687245e-01 
 1.88000000e+00  1.31507160e-02  1.88000000e+00  5.64928400e-01 
 1.89000000e+00  1.32383262e-02  1.89000000e+00  5.66167376e-01 
 1.90000000e+00  1.33259580e-02  1.90000000e+00  5.67404201e-01 
 1.91000000e+00  1.34136110e-02  1.91000000e+00  5.68638903e-01 
 1.92000000e+00  1.35012849e-02  1.92000000e+00  5.69871508e-01 
 1.93000000e+00  1.35889796e-02  1.93000000e+00  5.71102043e-01 
 1.94000000e+00  1.36766947e-02  1.94000000e+00  5.72330533e-01 
 1.95000000e+00  1.37644300e-02  1.95000000e+00  5.73557004e-01 
 1.96000000e+00  1.38521852e-02  1.96000000e+00  5.74781481e-01 
 1.97000000e+00  1.39399601e-02  1.97000000e+00  5.76003988e-01 
 1.98000000e+00  1.40277545e-02  1.98000000e+00  5.77224548e-01 
 1.99000000e+00  1.41155681e-02  1.99000000e+00  5.78443186e-01 
 2.00000000e+00  1.42034007e-02  2.00000000e+00  5.79659925e-01 
