-2.00000000e+00 -1.82582164e-03 -2.00000000e+00 -1.81741784e+00 
-1.99000000e+00 -1.81682249e-03 -1.99000000e+00 -1.80831775e+00 
-1.98000000e+00 -1.80781331e-03 -1.98000000e+00 -1.79921867e+00 
-1.97000000e+00 -1.79879456e-03 -1.97000000e+00 -1.79012054e+00 
-1.96000000e+00 -1.78978554e-03 -1.96000000e+00 -1.78102145e+00 
-1.95000000e+00 -1.78077651e-03 -1.95000000e+00 -1.77192235e+00 
-1.94000000e+00 -1.77176748e-03 -1.94000000e+00 -1.76282325e+00 
-1.93000000e+00 -1.76275845e-03 -1.93000000e+00 -1.75372415e+00 
-1.92000000e+00 -1.75374942e-03 -1.92000000e+00 -1.74462506e+00 
-1.91000000e+00 -1.74474040e-03 -1.91000000e+00 -1.73552596e+00 
-1.90000000e+00 -1.73573137e-03 -1.90000000e+00 -1.72642686e+00 
-1.89000000e+00 -1.72672234e-03 -1.89000000e+00 -1.71732777e+00 
-1.88000000e+00 -1.71771331e-03 -1.88000000e+00 -1.70822867e+00 
-1.87000000e+00 -1.70870428e-03 -1.87000000e+00 -1.69912957e+00 
-1.86000000e+00 -1.69969525e-03 -1.86000000e+00 -1.69003048e+00 
-1.85000000e+00 -1.69068621e-03 -1.85000000e+00 -1.68093138e+00 
-1.84000000e+00 -1.68167718e-03 -1.84000000e+00 -1.67183228e+00 
-1.83000000e+00 -1.67266815e-03 -1.83000000e+00 -1.66273318e+00 
-1.82000000e+00 -1.66365912e-03 -1.82000000e+00 -1.65363409e+00 
-1.81000000e+00 -1.65465008e-03 -1.81000000e+00 -1.64453499e+00 
-1.80000000e+00 -1.64564105e-03 -1.80000000e+00 -1.63543589e+00 
-1.79000000e+00 -1.63663202e-03 -1.79000000e+00 -1.62633680e+00 
-1.78000000e+00 -1.62762298e-03 -1.78000000e+00 -1.61723770e+00 
-1.77000000e+00 -1.61861395e-03 -1.77000000e+00 -1.60813861e+00 
-1.76000000e+00 -1.60960491e-03 -1.76000000e+00 -1.59903951e+00 
-1.75000000e+00 -1.60059587e-03 -1.75000000e+00 -1.58994041e+00 
-1.74000000e+00 -1.59158684e-03 -1.74000000e+00 -1.58084132e+00 
-1.73000000e+00 -1.58257780e-03 -1.73000000e+00 -1.57174222e+00 
-1.72000000e+00 -1.57356876e-03 -1.72000000e+00 -1.56264312e+00 
-1.71000000e+00 -1.56455972e-03 -1.71000000e+00 -1.55354403e+00 
-1.70000000e+00 -1.55555068e-03 -1.70000000e+00 -1.54444493e+00 
-1.69000000e+00 -1.54654164e-03 -1.69000000e+00 -1.53534584e+00 
-1.68000000e+00 -1.53753260e-03 -1.68000000e+00 -1.52624674e+00 
-1.67000000e+00 -1.52852355e-03 -1.67000000e+00 -1.51714764e+00 
-1.66000000e+00 -1.51951451e-03 -1.66000000e+00 -1.50804855e+00 
-1.65000000e+00 -1.51050547e-03 -1.65000000e+00 -1.49894945e+00 
-1.64000000e+00 -1.50149642e-03 -1.64000000e+00 -1.48985036e+00 
-1.63000000e+00 -1.49248737e-03 -1.63000000e+00 -1.48075126e+00 
-1.62000000e+00 -1.48347833e-03 -1.62000000e+00 -1.47165217e+00 
-1.61000000e+00 -1.47446928e-03 -1.61000000e+00 -1.46255307e+00 
-1.60000000e+00 -1.46546023e-03 -1.60000000e+00 -1.45345398e+00 
-1.59000000e+00 -1.45645118e-03 -1.59000000e+00 -1.44435488e+00 
-1.58000000e+00 -1.44744213e-03 -1.58000000e+00 -1.43525579e+00 
-1.57000000e+00 -1.43843308e-03 -1.57000000e+00 -1.42615669e+00 
-1.56000000e+00 -1.42942403e-03 -1.56000000e+00 -1.41705760e+00 
-1.55000000e+00 -1.42041497e-03 -1.55000000e+00 -1.40795850e+00 
-1.54000000e+00 -1.41140592e-03 -1.54000000e+00 -1.39885941e+00 
-1.53000000e+00 -1.40239686e-03 -1.53000000e+00 -1.38976031e+00 
-1.52000000e+00 -1.39338780e-03 -1.52000000e+00 -1.38066122e+00 
-1.51000000e+00 -1.38437874e-03 -1.51000000e+00 -1.37156213e+00 
-1.50000000e+00 -1.37536968e-03 -1.50000000e+00 -1.36246303e+00 
-1.49000000e+00 -1.36636062e-03 -1.49000000e+00 -1.35336394e+00 
-1.48000000e+00 -1.35735156e-03 -1.48000000e+00 -1.34426484e+00 
-1.47000000e+00 -1.34834249e-03 -1.47000000e+00 -1.33516575e+00 
-1.46000000e+00 -1.33933342e-03 -1.46000000e+00 -1.32606666e+00 
-1.45000000e+00 -1.33032436e-03 -1.45000000e+00 -1.31696756e+00 
-1.44000000e+00 -1.32131529e-03 -1.44000000e+00 -1.30786847e+00 
-1.43000000e+00 -1.31230622e-03 -1.43000000e+00 -1.29876938e+00 
-1.42000000e+00 -1.30329714e-03 -1.42000000e+00 -1.28967029e+00 
-1.41000000e+00 -1.29428807e-03 -1.41000000e+00 -1.28057119e+00 
-1.40000000e+00 -1.28527899e-03 -1.40000000e+00 -1.27147210e+00 
-1.39000000e+00 -1.27626991e-03 -1.39000000e+00 -1.26237301e+00 
-1.38000000e+00 -1.26726083e-03 -1.38000000e+00 -1.25327392e+00 
-1.37000000e+00 -1.25825175e-03 -1.37000000e+00 -1.24417483e+00 
-1.36000000e+00 -1.24924266e-03 -1.36000000e+00 -1.23507573e+00 
-1.35000000e+00 -1.24023358e-03 -1.35000000e+00 -1.22597664e+00 
-1.34000000e+00 -1.23122449e-03 -1.34000000e+00 -1.21687755e+00 
-1.33000000e+00 -1.22221539e-03 -1.33000000e+00 -1.20777846e+00 
-1.32000000e+00 -1.21320630e-03 -1.32000000e+00 -1.19867937e+00 
-1.31000000e+00 -1.20419720e-03 -1.31000000e+00 -1.18958028e+00 
-1.30000000e+00 -1.19518810e-03 -1.30000000e+00 -1.18048119e+00 
-1.29000000e+00 -1.18617900e-03 -1.29000000e+00 -1.17138210e+00 
-1.28000000e+00 -1.17716989e-03 -1.28000000e+00 -1.16228301e+00 
-1.27000000e+00 -1.16816078e-03 -1.27000000e+00 -1.15318392e+00 
-1.26000000e+00 -1.15915167e-03 -1.26000000e+00 -1.14408483e+00 
-1.25000000e+00 -1.15014255e-03 -1.25000000e+00 -1.13498574e+00 
-1.24000000e+00 -1.14113344e-03 -1.24000000e+00 -1.12588666e+00 
-1.23000000e+00 -1.13212431e-03 -1.23000000e+00 -1.11678757e+00 
-1.22000000e+00 -1.12311519e-03 -1.22000000e+00 -1.10768848e+00 
-1.21000000e+00 -1.11410606e-03 -1.21000000e+00 -1.09858939e+00 
-1.20000000e+00 -1.10509692e-03 -1.20000000e+00 -1.08949031e+00 
-1.19000000e+00 -1.09608778e-03 -1.19000000e+00 -1.08039122e+00 
-1.18000000e+00 -1.08707864e-03 -1.18000000e+00 -1.07129214e+00 
-1.17000000e+00 -1.07806949e-03 -1.17000000e+00 -1.06219305e+00 
-1.16000000e+00 -1.06906034e-03 -1.16000000e+00 -1.05309397e+00 
-1.15000000e+00 -1.06005118e-03 -1.15000000e+00 -1.04399488e+00 
-1.14000000e+00 -1.05104202e-03 -1.14000000e+00 -1.03489580e+00 
-1.13000000e+00 -1.04203285e-03 -1.13000000e+00 -1.02579672e+00 
-1.12000000e+00 -1.03302367e-03 -1.12000000e+00 -1.01669763e+00 
-1.11000000e+00 -1.02401449e-03 -1.11000000e+00 -1.00759855e+00 
-1.10000000e+00 -1.01500531e-03 -1.10000000e+00 -9.98499469e-01 
-1.09000000e+00 -1.00599611e-03 -1.09000000e+00 -9.89400389e-01 
-1.08000000e+00 -9.96986915e-04 -1.08000000e+00 -9.80301309e-01 
-1.07000000e+00 -9.87977707e-04 -1.07000000e+00 -9.71202229e-01 
-1.06000000e+00 -9.78968492e-04 -1.06000000e+00 -9.62103151e-01 
-1.05000000e+00 -9.69959269e-04 -1.05000000e+00 -9.53004073e-01 
-1.04000000e+00 -9.60950038e-04 -1.04000000e+00 -9.43904996e-01 
-1.03000000e+00 -9.51940798e-04 -1.03000000e+00 -9.34805920e-01 
-1.02000000e+00 -9.42931549e-04 -1.02000000e+00 -9.25706845e-01 
-1.01000000e+00 -9.33922290e-04 -1.01000000e+00 -9.16607771e-01 
-1.00000000e+00 -9.24913021e-04 -1.00000000e+00 -9.07508698e-01 
-9.90000000e-01 -9.15903742e-04 -9.90000000e-01 -8.98409626e-01 
-9.80000000e-01 -9.06894451e-04 -9.80000000e-01 -8.89310555e-01 
-9.70000000e-01 -8.97885149e-04 -9.70000000e-01 -8.80211485e-01 
-9.60000000e-01 -8.88875834e-04 -9.60000000e-01 -8.71112417e-01 
-9.50000000e-01 -8.79866506e-04 -9.50000000e-01 -8.62013349e-01 
-9.40000000e-01 -8.70857164e-04 -9.40000000e-01 -8.52914284e-01 
-9.30000000e-01 -8.61847808e-04 -9.30000000e-01 -8.43815219e-01 
-9.20000000e-01 -8.52838437e-04 -9.20000000e-01 -8.34716156e-01 
-9.10000000e-01 -8.43829049e-04 -9.10000000e-01 -8.25617095e-01 
-9.00000000e-01 -8.34819644e-04 -9.00000000e-01 -8.16518036e-01 
-8.90000000e-01 -8.25810222e-04 -8.90000000e-01 -8.07418978e-01 
-8.80000000e-01 -8.16800780e-04 -8.80000000e-01 -7.98319922e-01 
-8.70000000e-01 -8.07791318e-04 -8.70000000e-01 -7.89220868e-01 
-8.60000000e-01 -7.98781835e-04 -8.60000000e-01 -7.80121817e-01 
-8.50000000e-01 -7.89772329e-04 -8.50000000e-01 -7.71022767e-01 
-8.40000000e-01 -7.80762799e-04 -8.40000000e-01 -7.61923720e-01 
-8.30000000e-01 -7.71753244e-04 -8.30000000e-01 -7.52824676e-01 
-8.20000000e-01 -7.62743661e-04 -8.20000000e-01 -7.43725634e-01 
-8.10000000e-01 -7.53734050e-04 -8.10000000e-01 -7.34626595e-01 
-8.00000000e-01 -7.44724408e-04 -8.00000000e-01 -7.25527559e-01 
-7.90000000e-01 -7.35714734e-04 -7.90000000e-01 -7.16428527e-01 
-7.80000000e-01 -7.26705025e-04 -7.80000000e-01 -7.07329498e-01 
-7.70000000e-01 -7.17695279e-04 -7.70000000e-01 -6.98230472e-01 
-7.60000000e-01 -7.08685493e-04 -7.60000000e-01 -6.89131451e-01 
-7.50000000e-01 -6.99675666e-04 -7.50000000e-01 -6.80032433e-01 
-7.40000000e-01 -6.90665793e-04 -7.40000000e-01 -6.70933421e-01 
-7.30000000e-01 -6.81655873e-04 -7.30000000e-01 -6.61834413e-01 
-7.20000000e-01 -6.72645901e-04 -7.20000000e-01 -6.52735410e-01 
-7.10000000e-01 -6.63635873e-04 -7.10000000e-01 -6.43636413e-01 
-7.00000000e-01 -6.54625787e-04 -7.00000000e-01 -6.34537421e-01 
-6.90000000e-01 -6.45615637e-04 -6.90000000e-01 -6.25438436e-01 
-6.80000000e-01 -6.36605418e-04 -6.80000000e-01 -6.16339458e-01 
-6.70000000e-01 -6.27595126e-04 -6.70000000e-01 -6.07240487e-01 
-6.60000000e-01 -6.18584755e-04 -6.60000000e-01 -5.98141524e-01 
-6.50000000e-01 -6.09574299e-04 -6.50000000e-01 -5.89042570e-01 
-6.40000000e-01 -6.00563750e-04 -6.40000000e-01 -5.79943625e-01 
-6.30000000e-01 -5.91553101e-04 -6.30000000e-01 -5.70844690e-01 
-6.20000000e-01 -5.82542345e-04 -6.20000000e-01 -5.61745765e-01 
-6.10000000e-01 -5.73531472e-04 -6.10000000e-01 -5.52646853e-01 
-6.00000000e-01 -5.64520472e-04 -6.00000000e-01 -5.43547953e-01 
-5.90000000e-01 -5.55509334e-04 -5.90000000e-01 -5.34449067e-01 
-5.80000000e-01 -5.46498046e-04 -5.80000000e-01 -5.25350195e-01 
-5.70000000e-01 -5.37486595e-04 -5.70000000e-01 -5.16251340e-01 
-5.60000000e-01 -5.28474966e-04 -5.60000000e-01 -5.07152503e-01 
-5.50000000e-01 -5.19463142e-04 -5.50000000e-01 -4.98053686e-01 
-5.40000000e-01 -5.10451105e-04 -5.40000000e-01 -4.88954890e-01 
-5.30000000e-01 -5.01438834e-04 -5.30000000e-01 -4.79856117e-01 
-5.20000000e-01 -4.92426306e-04 -5.20000000e-01 -4.70757369e-01 
-5.10000000e-01 -4.83413495e-04 -5.10000000e-01 -4.61658650e-01 
-5.00000000e-01 -4.74400373e-04 -5.00000000e-01 -4.52559963e-01 
-4.90000000e-01 -4.65386908e-04 -4.90000000e-01 -4.43461309e-01 
-4.80000000e-01 -4.56373061e-04 -4.80000000e-01 -4.34362694e-01 
-4.70000000e-01 -4.47358792e-04 -4.70000000e-01 -4.25264121e-01 
-4.60000000e-01 -4.38344053e-04 -4.60000000e-01 -4.16165595e-01 
-4.50000000e-01 -4.29328792e-04 -4.50000000e-01 -4.07067121e-01 
-4.40000000e-01 -4.20312947e-04 -4.40000000e-01 -3.97968705e-01 
-4.30000000e-01 -4.11296448e-04 -4.30000000e-01 -3.88870355e-01 
-4.20000000e-01 -4.02279216e-04 -4.20000000e-01 -3.79772078e-01 
-4.10000000e-01 -3.93261158e-04 -4.10000000e-01 -3.70673884e-01 
-4.00000000e-01 -3.84242169e-04 -4.00000000e-01 -3.61575783e-01 
-3.90000000e-01 -3.75222124e-04 -3.90000000e-01 -3.52477788e-01 
-3.80000000e-01 -3.66200882e-04 -3.80000000e-01 -3.43379912e-01 
-3.70000000e-01 -3.57178275e-04 -3.70000000e-01 -3.34282173e-01 
-3.60000000e-01 -3.48154108e-04 -3.60000000e-01 -3.25184589e-01 
-3.50000000e-01 -3.39128150e-04 -3.50000000e-01 -3.16087185e-01 
-3.40000000e-01 -3.30100130e-04 -3.40000000e-01 -3.06989987e-01 
-3.30000000e-01 -3.21069724e-04 -3.30000000e-01 -2.97893028e-01 
-3.20000000e-01 -3.12036548e-04 -3.20000000e-01 -2.88796345e-01 
-3.10000000e-01 -3.03000136e-04 -3.10000000e-01 -2.79699986e-01 
-3.00000000e-01 -2.93959932e-04 -3.00000000e-01 -2.70604007e-01 
-2.90000000e-01 -2.84915255e-04 -2.90000000e-01 -2.61508475e-01 
-2.80000000e-01 -2.75865276e-04 -2.80000000e-01 -2.52413472e-01 
-2.70000000e-01 -2.66808975e-04 -2.70000000e-01 -2.43319102e-01 
-2.60000000e-01 -2.57745086e-04 -2.60000000e-01 -2.34225491e-01 
-2.50000000e-01 -2.48672027e-04 -2.50000000e-01 -2.25132797e-01 
-2.40000000e-01 -2.39587805e-04 -2.40000000e-01 -2.16041219e-01 
-2.30000000e-01 -2.30489886e-04 -2.30000000e-01 -2.06951011e-01 
-2.20000000e-01 -2.21375014e-04 -2.20000000e-01 -1.97862499e-01 
-2.10000000e-01 -2.12238965e-04 -2.10000000e-01 -1.88776103e-01 
-2.00000000e-01 -2.03076192e-04 -2.00000000e-01 -1.79692381e-01 
-1.90000000e-01 -1.93879317e-04 -1.90000000e-01 -1.70612068e-01 
-1.80000000e-01 -1.84648808e-04 -1.80000000e-01 -1.61535119e-01 
-1.70000000e-01 -1.75384157e-04 -1.70000000e-01 -1.52461584e-01 
-1.60000000e-01 -1.66077074e-04 -1.60000000e-01 -1.43392293e-01 
-1.50000000e-01 -1.56720575e-04 -1.50000000e-01 -1.34327942e-01 
-1.40000000e-01 -1.47306550e-04 -1.40000000e-01 -1.25269345e-01 
-1.30000000e-01 -1.37825583e-04 -1.30000000e-01 -1.16217442e-01 
-1.20000000e-01 -1.28266755e-04 -1.20000000e-01 -1.07173324e-01 
-1.10000000e-01 -1.18617421e-04 -1.10000000e-01 -9.81382579e-02 
-1.00000000e-01 -1.08862950e-04 -1.00000000e-01 -8.91137050e-02 
-9.00000000e-02 -9.89864422e-05 -9.00000000e-02 -8.01013558e-02 
-8.00000000e-02 -8.89684069e-05 -8.00000000e-02 -7.11031593e-02 
-7.00000000e-02 -7.86997853e-05 -7.00000000e-02 -6.21300215e-02 
-6.00000000e-02 -6.83145534e-05 -6.00000000e-02 -5.31685447e-02 
-5.00000000e-02 -5.77081640e-05 -5.00000000e-02 -4.42291836e-02 
-4.00000000e-02 -4.68467104e-05 -4.00000000e-02 -3.53153290e-02 
-3.00000000e-02 -3.56916383e-05 -3.00000000e-02 -2.64308362e-02 
-2.00000000e-02 -2.41992892e-05 -2.00000000e-02 -1.75800711e-02 
-1.00000000e-02 -1.23204604e-05 -1.00000000e-02 -8.76795396e-03 
 1.64104841e-15  2.05874873e-18  1.64104841e-15  1.43517354e-15 
 1.00000000e-02  1.28235149e-05  1.00000000e-02  8.71764851e-03 
 2.00000000e-02  2.62180291e-05  2.00000000e-02  1.73781971e-02 
 3.00000000e-02  4.02580691e-05  3.00000000e-02  2.59741931e-02 
 4.00000000e-02  5.50246431e-05  4.00000000e-02  3.44975357e-02 
 5.00000000e-02  7.06048876e-05  5.00000000e-02  4.29395112e-02 
 6.00000000e-02  8.70914341e-05  6.00000000e-02  5.12908566e-02 
 7.00000000e-02  1.04581457e-04  7.00000000e-02  5.95418543e-02 
 8.00000000e-02  1.23175388e-04  8.00000000e-02  6.76824612e-02 
 9.00000000e-02  1.42975298e-04  9.00000000e-02  7.57024702e-02 
 1.00000000e-01  1.64082988e-04  1.00000000e-01  8.35917012e-02 
 1.10000000e-01  1.86597845e-04  1.10000000e-01  9.13402155e-02 
 1.20000000e-01  2.10614569e-04  1.20000000e-01  9.89385431e-02 
 1.30000000e-01  2.36220893e-04  1.30000000e-01  1.06377911e-01 
 1.40000000e-01  2.63495420e-04  1.40000000e-01  1.13650458e-01 
 1.50000000e-01  2.92505737e-04  1.50000000e-01  1.20749426e-01 
 1.60000000e-01  3.23306899e-04  1.60000000e-01  1.27669310e-01 
 1.70000000e-01  3.55940392e-04  1.70000000e-01  1.34405961e-01 
 1.80000000e-01  3.90433611e-04  1.80000000e-01  1.40956639e-01 
 1.90000000e-01  4.26799865e-04  1.90000000e-01  1.47320013e-01 
 2.00000000e-01  4.65038870e-04  2.00000000e-01  1.53496113e-01 
 2.10000000e-01  5.05137644e-04  2.10000000e-01  1.59486236e-01 
 2.20000000e-01  5.47071742e-04  2.20000000e-01  1.65292826e-01 
 2.30000000e-01  5.90806688e-04  2.30000000e-01  1.70919331e-01 
 2.40000000e-01  6.36299541e-04  2.40000000e-01  1.76370046e-01 
 2.50000000e-01  6.83500477e-04  2.50000000e-01  1.81649952e-01 
 2.60000000e-01  7.32354324e-04  2.60000000e-01  1.86764568e-01 
 2.70000000e-01  7.82801999e-04  2.70000000e-01  1.91719800e-01 
 2.80000000e-01  8.34026481e-04  2.80000000e-01  1.96597352e-01 
 2.90000000e-01  8.87535737e-04  2.90000000e-01  2.01246426e-01 
 3.00000000e-01  9.42419131e-04  3.00000000e-01  2.05758087e-01 
 3.10000000e-01  9.98645230e-04  3.10000000e-01  2.10135477e-01 
 3.20000000e-01  1.05615006e-03  3.20000000e-01  2.14384994e-01 
 3.30000000e-01  1.11487243e-03  3.30000000e-01  2.18512757e-01 
 3.40000000e-01  1.17475296e-03  3.40000000e-01  2.22524704e-01 
 3.50000000e-01  1.23573444e-03  3.50000000e-01  2.26426556e-01 
 3.60000000e-01  1.29776198e-03  3.60000000e-01  2.30223802e-01 
 3.70000000e-01  1.36078315e-03  3.70000000e-01  2.33921685e-01 
 3.80000000e-01  1.42474801e-03  3.80000000e-01  2.37525199e-01 
 3.90000000e-01  1.48960913e-03  3.90000000e-01  2.41039087e-01 
 4.00000000e-01  1.55532155e-03  4.00000000e-01  2.44467845e-01 
 4.10000000e-01  1.62184275e-03  4.10000000e-01  2.47815725e-01 
 4.20000000e-01  1.68913252e-03  4.20000000e-01  2.51086748e-01 
 4.30000000e-01  1.75715295e-03  4.30000000e-01  2.54284705e-01 
 4.40000000e-01  1.82586825e-03  4.40000000e-01  2.57413175e-01 
 4.50000000e-01  1.89524472e-03  4.50000000e-01  2.60475528e-01 
 4.60000000e-01  1.96525058e-03  4.60000000e-01  2.63474942e-01 
 4.70000000e-01  2.03585592e-03  4.70000000e-01  2.66414408e-01 
 4.80000000e-01  2.10703257e-03  4.80000000e-01  2.69296743e-01 
 4.90000000e-01  2.17875398e-03  4.90000000e-01  2.72124602e-01 
 5.00000000e-01  2.25099515e-03  5.00000000e-01  2.74900485e-01 
 5.10000000e-01  2.32373253e-03  5.10000000e-01  2.77626747e-01 
 5.20000000e-01  2.39694393e-03  5.20000000e-01  2.80305607e-01 
 5.30000000e-01  2.47060842e-03  5.30000000e-01  2.82939158e-01 
 5.40000000e-01  2.54470627e-03  5.40000000e-01  2.85529373e-01 
 5.50000000e-01  2.61921886e-03  5.50000000e-01  2.88078114e-01 
 5.60000000e-01  2.69412862e-03  5.60000000e-01  2.90587138e-01 
 5.70000000e-01  2.76941894e-03  5.70000000e-01  2.93058106e-01 
 5.80000000e-01  2.84507414e-03  5.80000000e-01  2.95492586e-01 
 5.90000000e-01  2.92107940e-03  5.90000000e-01  2.97892060e-01 
 6.00000000e-01  2.99742069e-03  6.00000000e-01  3.00257931e-01 
 6.10000000e-01  3.07408474e-03  6.10000000e-01  3.02591526e-01 
 6.20000000e-01  3.15105896e-03  6.20000000e-01  3.04894104e-01 
 6.30000000e-01  3.22833145e-03  6.30000000e-01  3.07166855e-01 
 6.40000000e-01  3.30589090e-03  6.40000000e-01  3.09410910e-01 
 6.50000000e-01  3.38372661e-03  6.50000000e-01  3.11627339e-01 
 6.60000000e-01  3.46182839e-03  6.60000000e-01  3.13817161e-01 
 6.70000000e-01  3.54018659e-03  6.70000000e-01  3.15981341e-01 
 6.80000000e-01  3.61879201e-03  6.80000000e-01  3.18120799e-01 
 6.90000000e-01  3.69763592e-03  6.90000000e-01  3.20236408e-01 
 7.00000000e-01  3.77671002e-03  7.00000000e-01  3.22328998e-01 
 7.10000000e-01  3.85600638e-03  7.10000000e-01  3.24399362e-01 
 7.20000000e-01  3.93551746e-03  7.20000000e-01  3.26448254e-01 
 7.30000000e-01  4.01523609e-03  7.30000000e-01  3.28476391e-01 
 7.40000000e-01  4.09515541e-03  7.40000000e-01  3.30484459e-01 
 7.50000000e-01  4.17526888e-03  7.50000000e-01  3.32473112e-01 
 7.60000000e-01  4.25557025e-03  7.60000000e-01  3.34442975e-01 
 7.70000000e-01  4.33605356e-03  7.70000000e-01  3.36394644e-01 
 7.80000000e-01  4.41671311e-03  7.80000000e-01  3.38328689e-01 
 7.90000000e-01  4.49754345e-03  7.90000000e-01  3.40245655e-01 
 8.00000000e-01  4.57853936e-03  8.00000000e-01  3.42146064e-01 
 8.10000000e-01  4.65969584e-03  8.10000000e-01  3.44030416e-01 
 8.20000000e-01  4.74100813e-03  8.20000000e-01  3.45899187e-01 
 8.30000000e-01  4.82247162e-03  8.30000000e-01  3.47752838e-01 
 8.40000000e-01  4.90408194e-03  8.40000000e-01  3.49591806e-01 
 8.50000000e-01  4.98583486e-03  8.50000000e-01  3.51416514e-01 
 8.60000000e-01  5.06772635e-03  8.60000000e-01  3.53227365e-01 
 8.70000000e-01  5.14975251e-03  8.70000000e-01  3.55024749e-01 
 8.80000000e-01  5.23190963e-03  8.80000000e-01  3.56809037e-01 
 8.90000000e-01  5.31419412e-03  8.90000000e-01  3.58580588e-01 
 9.00000000e-01  5.39660253e-03  9.00000000e-01  3.60339747e-01 
 9.10000000e-01  5.47913155e-03  9.10000000e-01  3.62086845e-01 
 9.20000000e-01  5.56177801e-03  9.20000000e-01  3.63822199e-01 
 9.30000000e-01  5.64453882e-03  9.30000000e-01  3.65546118e-01 
 9.40000000e-01  5.72741104e-03  9.40000000e-01  3.67258896e-01 
 9.50000000e-01  5.81039182e-03  9.50000000e-01  3.68960818e-01 
 9.60000000e-01  5.89347841e-03  9.60000000e-01  3.70652159e-01 
 9.70000000e-01  5.97666819e-03  9.70000000e-01  3.72333181e-01 
 9.80000000e-01  6.05995859e-03  9.80000000e-01  3.74004141e-01 
 9.90000000e-01  6.14334715e-03  9.90000000e-01  3.75665285e-01 
 1.00000000e+00  6.22683151e-03  1.00000000e+00  3.77316849e-01 
 1.01000000e+00  6.31040937e-03  1.01000000e+00  3.78959063e-01 
 1.02000000e+00  6.39407852e-03  1.02000000e+00  3.80592148e-01 
 1.03000000e+00  6.47783682e-03  1.03000000e+00  3.82216318e-01 
 1.04000000e+00  6.56168220e-03  1.04000000e+00  3.83831780e-01 
 1.05000000e+00  6.64561266e-03  1.05000000e+00  3.85438734e-01 
 1.06000000e+00  6.72962628e-03  1.06000000e+00  3.87037372e-01 
 1.07000000e+00  6.81372118e-03  1.07000000e+00  3.88627882e-01 
 1.08000000e+00  6.89789555e-03  1.08000000e+00  3.90210445e-01 
 1.09000000e+00  6.98214764e-03  1.09000000e+00  3.91785236e-01 
 1.10000000e+00  7.06647575e-03  1.10000000e+00  3.93352425e-01 
 1.11000000e+00  7.15087825e-03  1.11000000e+00  3.94912175e-01 
 1.12000000e+00  7.23535353e-03  1.12000000e+00  3.96464647e-01 
 1.13000000e+00  7.31990006e-03  1.13000000e+00  3.98009994e-01 
 1.14000000e+00  7.40451635e-03  1.14000000e+00  3.99548365e-01 
 1.15000000e+00  7.48920093e-03  1.15000000e+00  4.01079907e-01 
 1.16000000e+00  7.57395240e-03  1.16000000e+00  4.02604760e-01 
 1.17000000e+00  7.65876941e-03  1.17000000e+00  4.04123059e-01 
 1.18000000e+00  7.74365061e-03  1.18000000e+00  4.05634939e-01 
 1.19000000e+00  7.82859473e-03  1.19000000e+00  4.07140527e-01 
 1.20000000e+00  7.91360052e-03  1.20000000e+00  4.08639948e-01 
 1.21000000e+00  7.99866676e-03  1.21000000e+00  4.10133324e-01 
 1.22000000e+00  8.08379227e-03  1.22000000e+00  4.11620773e-01 
 1.23000000e+00  8.16897591e-03  1.23000000e+00  4.13102409e-01 
 1.24000000e+00  8.25421656e-03  1.24000000e+00  4.14578344e-01 
 1.25000000e+00  8.33951314e-03  1.25000000e+00  4.16048686e-01 
 1.26000000e+00  8.42486461e-03  1.26000000e+00  4.17513539e-01 
 1.27000000e+00  8.51026992e-03  1.27000000e+00  4.18973008e-01 
 1.28000000e+00  8.59572809e-03  1.28000000e+00  4.20427191e-01 
 1.29000000e+00  8.68123815e-03  1.29000000e+00  4.21876185e-01 
 1.30000000e+00  8.76679915e-03  1.30000000e+00  4.23320085e-01 
 1.31000000e+00  8.85241017e-03  1.31000000e+00  4.24758983e-01 
 1.32000000e+00  8.93807032e-03  1.32000000e+00  4.26192968e-01 
 1.33000000e+00  9.02377872e-03  1.33000000e+00  4.27622128e-01 
 1.34000000e+00  9.10953453e-03  1.34000000e+00  4.29046547e-01 
 1.35000000e+00  9.19533691e-03  1.35000000e+00  4.30466309e-01 
 1.36000000e+00  9.28118507e-03  1.36000000e+00  4.31881493e-01 
 1.37000000e+00  9.36707821e-03  1.37000000e+00  4.33292179e-01 
 1.38000000e+00  9.45301557e-03  1.38000000e+00  4.34698443e-01 
 1.39000000e+00  9.53899639e-03  1.39000000e+00  4.36100361e-01 
 1.40000000e+00  9.62501996e-03  1.40000000e+00  4.37498004e-01 
 1.41000000e+00  9.71108555e-03  1.41000000e+00  4.38891445e-01 
 1.42000000e+00  9.79719248e-03  1.42000000e+00  4.40280752e-01 
 1.43000000e+00  9.88334006e-03  1.43000000e+00  4.41665994e-01 
 1.44000000e+00  9.96952763e-03  1.44000000e+00  4.43047237e-01 
 1.45000000e+00  1.00557546e-02  1.45000000e+00  4.44424544e-01 
 1.46000000e+00  1.01420202e-02  1.46000000e+00  4.45797981e-01 
 1.47000000e+00  1.02283239e-02  1.47000000e+00  4.47167607e-01 
 1.48000000e+00  1.03146652e-02  1.48000000e+00  4.48533483e-01 
 1.49000000e+00  1.04010433e-02  1.49000000e+00  4.49895668e-01 
 1.50000000e+00  1.04874578e-02  1.50000000e+00  4.51254219e-01 
 1.51000000e+00  1.05739081e-02  1.51000000e+00  4.52609193e-01 
 1.52000000e+00  1.06603936e-02  1.52000000e+00  4.53960644e-01 
 1.53000000e+00  1.07469137e-02  1.53000000e+00  4.55308627e-01 
 1.54000000e+00  1.08334681e-02  1.54000000e+00  4.56653193e-01 
 1.55000000e+00  1.09200561e-02  1.55000000e+00  4.57994393e-01 
 1.56000000e+00  1.10066772e-02  1.56000000e+00  4.59332279e-01 
 1.57000000e+00  1.10933310e-02  1.57000000e+00  4.60666899e-01 
 1.58000000e+00  1.11800170e-02  1.58000000e+00  4.61998301e-01 
 1.59000000e+00  1.12667347e-02  1.59000000e+00  4.63326531e-01 
 1.60000000e+00  1.13534836e-02  1.60000000e+00  4.64651637e-01 
 1.61000000e+00  1.14402634e-02  1.61000000e+00  4.65973664e-01 
 1.62000000e+00  1.15270735e-02  1.62000000e+00  4.67292654e-01 
 1.63000000e+00  1.16139135e-02  1.63000000e+00  4.68608651e-01 
 1.64000000e+00  1.17007830e-02  1.64000000e+00  4.69921698e-01 
 1.65000000e+00  1.17876816e-02  1.65000000e+00  4.71231837e-01 
 1.66000000e+00  1.18746089e-02  1.66000000e+00  4.72539106e-01 
 1.67000000e+00  1.19615645e-02  1.67000000e+00  4.73843547e-01 
 1.68000000e+00  1.20485480e-02  1.68000000e+00  4.75145198e-01 
 1.69000000e+00  1.21355590e-02  1.69000000e+00  4.76444097e-01 
 1.70000000e+00  1.22225972e-02  1.70000000e+00  4.77740281e-01 
 1.71000000e+00  1.23096621e-02  1.71000000e+00  4.79033788e-01 
 1.72000000e+00  1.23967535e-02  1.72000000e+00  4.80324652e-01 
 1.73000000e+00  1.24838709e-02  1.73000000e+00  4.81612910e-01 
 1.74000000e+00  1.25710140e-02  1.74000000e+00  4.82898596e-01 
 1.75000000e+00  1.26581826e-02  1.75000000e+00  4.84181743e-01 
 1.76000000e+00  1.27453761e-02  1.76000000e+00  4.85462385e-01 
 1.77000000e+00  1.28325945e-02  1.77000000e+00  4.86740554e-01 
 1.78000000e+00  1.29198372e-02  1.78000000e+00  4.88016283e-01 
 1.79000000e+00  1.30071040e-02  1.79000000e+00  4.89289602e-01 
 1.80000000e+00  1.30943946e-02  1.80000000e+00  4.90560542e-01 
 1.81000000e+00  1.31817087e-02  1.81000000e+00  4.91829133e-01 
 1.82000000e+00  1.32690459e-02  1.82000000e+00  4.93095406e-01 
 1.83000000e+00  1.33564061e-02  1.83000000e+00  4.94359389e-01 
 1.84000000e+00  1.34437889e-02  1.84000000e+00  4.95621110e-01 
 1.85000000e+00  1.35311940e-02  1.85000000e+00  4.96880597e-01 
 1.86000000e+00  1.36186212e-02  1.86000000e+00  4.98137879e-01 
 1.87000000e+00  1.37060702e-02  1.87000000e+00  4.99392982e-01 
 1.88000000e+00  1.37935407e-02  1.88000000e+00  5.00645932e-01 
 1.89000000e+00  1.38810324e-02  1.89000000e+00  5.01896756e-01 
 1.90000000e+00  1.39685452e-02  1.90000000e+00  5.03145479e-01 
 1.91000000e+00  1.40560787e-02  1.91000000e+00  5.04392126e-01 
 1.92000000e+00  1.41436328e-02  1.92000000e+00  5.05636722e-01 
 1.93000000e+00  1.42312071e-02  1.93000000e+00  5.06879291e-01 
 1.94000000e+00  1.43188014e-02  1.94000000e+00  5.08119857e-01 
 1.95000000e+00  1.44064156e-02  1.95000000e+00  5.09358443e-01 
 1.96000000e+00  1.44940493e-02  1.96000000e+00  5.10595073e-01 
 1.97000000e+00  1.45817023e-02  1.97000000e+00  5.11829769e-01 
 1.98000000e+00  1.46693745e-02  1.98000000e+00  5.13062553e-01 
 1.99000000e+00  1.47570655e-02  1.99000000e+00  5.14293447e-01 
 2.00000000e+00  1.48447753e-02  2.00000000e+00  5.15522473e-01 
