-2.00000000e+00 -1.84516729e-03 -2.00000000e+00 -1.81548327e+00 
-1.99000000e+00 -1.83617763e-03 -1.99000000e+00 -1.80638224e+00 
-1.98000000e+00 -1.82716828e-03 -1.98000000e+00 -1.79728317e+00 
-1.97000000e+00 -1.81814016e-03 -1.97000000e+00 -1.78818598e+00 
-1.96000000e+00 -1.80913112e-03 -1.96000000e+00 -1.77908689e+00 
-1.95000000e+00 -1.80012207e-03 -1.95000000e+00 -1.76998779e+00 
-1.94000000e+00 -1.79111303e-03 -1.94000000e+00 -1.76088870e+00 
-1.93000000e+00 -1.78210398e-03 -1.93000000e+00 -1.75178960e+00 
-1.92000000e+00 -1.77309493e-03 -1.92000000e+00 -1.74269051e+00 
-1.91000000e+00 -1.76408589e-03 -1.91000000e+00 -1.73359141e+00 
-1.90000000e+00 -1.75507684e-03 -1.90000000e+00 -1.72449232e+00 
-1.89000000e+00 -1.74606779e-03 -1.89000000e+00 -1.71539322e+00 
-1.88000000e+00 -1.73705874e-03 -1.88000000e+00 -1.70629413e+00 
-1.87000000e+00 -1.72804969e-03 -1.87000000e+00 -1.69719503e+00 
-1.86000000e+00 -1.71904063e-03 -1.86000000e+00 -1.68809594e+00 
-1.85000000e+00 -1.71003158e-03 -1.85000000e+00 -1.67899684e+00 
-1.84000000e+00 -1.70102253e-03 -1.84000000e+00 -1.66989775e+00 
-1.83000000e+00 -1.69201347e-03 -1.83000000e+00 -1.66079865e+00 
-1.82000000e+00 -1.68300442e-03 -1.82000000e+00 -1.65169956e+00 
-1.81000000e+00 -1.67399536e-03 -1.81000000e+00 -1.64260046e+00 
-1.80000000e+00 -1.66498630e-03 -1.80000000e+00 -1.63350137e+00 
-1.79000000e+00 -1.65597724e-03 -1.79000000e+00 -1.62440228e+00 
-1.78000000e+00 -1.64696818e-03 -1.78000000e+00 -1.61530318e+00 
-1.77000000e+00 -1.63795912e-03 -1.77000000e+00 -1.60620409e+00 
-1.76000000e+00 -1.62895006e-03 -1.76000000e+00 -1.59710499e+00 
-1.75000000e+00 -1.61994099e-03 -1.75000000e+00 -1.58800590e+00 
-1.74000000e+00 -1.61093193e-03 -1.74000000e+00 -1.57890681e+00 
-1.73000000e+00 -1.60192286e-03 -1.73000000e+00 -1.56980771e+00 
-1.72000000e+00 -1.59291379e-03 -1.72000000e+00 -1.56070862e+00 
-1.71000000e+00 -1.58390472e-03 -1.71000000e+00 -1.55160953e+00 
-1.70000000e+00 -1.57489565e-03 -1.70000000e+00 -1.54251043e+00 
-1.69000000e+00 -1.56588658e-03 -1.69000000e+00 -1.53341134e+00 
-1.68000000e+00 -1.55687750e-03 -1.68000000e+00 -1.52431225e+00 
-1.67000000e+00 -1.54786843e-03 -1.67000000e+00 -1.51521316e+00 
-1.66000000e+00 -1.53885935e-03 -1.66000000e+00 -1.50611406e+00 
-1.65000000e+00 -1.52985027e-03 -1.65000000e+00 -1.49701497e+00 
-1.64000000e+00 -1.52084119e-03 -1.64000000e+00 -1.48791588e+00 
-1.63000000e+00 -1.51183211e-03 -1.63000000e+00 -1.47881679e+00 
-1.62000000e+00 -1.50282303e-03 -1.62000000e+00 -1.46971770e+00 
-1.61000000e+00 -1.49381394e-03 -1.61000000e+00 -1.46061861e+00 
-1.60000000e+00 -1.48480485e-03 -1.60000000e+00 -1.45151951e+00 
-1.59000000e+00 -1.47579576e-03 -1.59000000e+00 -1.44242042e+00 
-1.58000000e+00 -1.46678667e-03 -1.58000000e+00 -1.43332133e+00 
-1.57000000e+00 -1.45777758e-03 -1.57000000e+00 -1.42422224e+00 
-1.56000000e+00 -1.44876848e-03 -1.56000000e+00 -1.41512315e+00 
-1.55000000e+00 -1.43975938e-03 -1.55000000e+00 -1.40602406e+00 
-1.54000000e+00 -1.43075028e-03 -1.54000000e+00 -1.39692497e+00 
-1.53000000e+00 -1.42174118e-03 -1.53000000e+00 -1.38782588e+00 
-1.52000000e+00 -1.41273207e-03 -1.52000000e+00 -1.37872679e+00 
-1.51000000e+00 -1.40372296e-03 -1.51000000e+00 -1.36962770e+00 
-1.50000000e+00 -1.39471385e-03 -1.50000000e+00 -1.36052861e+00 
-1.49000000e+00 -1.38570474e-03 -1.49000000e+00 -1.35142953e+00 
-1.48000000e+00 -1.37669562e-03 -1.48000000e+00 -1.34233044e+00 
-1.47000000e+00 -1.36768650e-03 -1.47000000e+00 -1.33323135e+00 
-1.46000000e+00 -1.35867738e-03 -1.46000000e+00 -1.32413226e+00 
-1.45000000e+00 -1.34966825e-03 -1.45000000e+00 -1.31503317e+00 
-1.44000000e+00 -1.34065912e-03 -1.44000000e+00 -1.30593409e+00 
-1.43000000e+00 -1.33164999e-03 -1.43000000e+00 -1.29683500e+00 
-1.42000000e+00 -1.32264085e-03 -1.42000000e+00 -1.28773591e+00 
-1.41000000e+00 -1.31363171e-03 -1.41000000e+00 -1.27863683e+00 
-1.40000000e+00 -1.30462257e-03 -1.40000000e+00 -1.26953774e+00 
-1.39000000e+00 -1.29561342e-03 -1.39000000e+00 -1.26043866e+00 
-1.38000000e+00 -1.28660427e-03 -1.38000000e+00 -1.25133957e+00 
-1.37000000e+00 -1.27759512e-03 -1.37000000e+00 -1.24224049e+00 
-1.36000000e+00 -1.26858596e-03 -1.36000000e+00 -1.23314140e+00 
-1.35000000e+00 -1.25957679e-03 -1.35000000e+00 -1.22404232e+00 
-1.34000000e+00 -1.25056762e-03 -1.34000000e+00 -1.21494324e+00 
-1.33000000e+00 -1.24155845e-03 -1.33000000e+00 -1.20584416e+00 
-1.32000000e+00 -1.23254927e-03 -1.32000000e+00 -1.19674507e+00 
-1.31000000e+00 -1.22354008e-03 -1.31000000e+00 -1.18764599e+00 
-1.30000000e+00 -1.21453089e-03 -1.30000000e+00 -1.17854691e+00 
-1.29000000e+00 -1.20552170e-03 -1.29000000e+00 -1.16944783e+00 
-1.28000000e+00 -1.19651250e-03 -1.28000000e+00 -1.16034875e+00 
-1.27000000e+00 -1.18750329e-03 -1.27000000e+00 -1.15124967e+00 
-1.26000000e+00 -1.17849408e-03 -1.26000000e+00 -1.14215059e+00 
-1.25000000e+00 -1.16948485e-03 -1.25000000e+00 -1.13305151e+00 
-1.24000000e+00 -1.16047563e-03 -1.24000000e+00 -1.12395244e+00 
-1.23000000e+00 -1.15146639e-03 -1.23000000e+00 -1.11485336e+00 
-1.22000000e+00 -1.14245715e-03 -1.22000000e+00 -1.10575429e+00 
-1.21000000e+00 -1.13344790e-03 -1.21000000e+00 -1.09665521e+00 
-1.20000000e+00 -1.12443864e-03 -1.20000000e+00 -1.08755614e+00 
-1.19000000e+00 -1.11542937e-03 -1.19000000e+00 -1.07845706e+00 
-1.18000000e+00 -1.10642010e-03 -1.18000000e+00 -1.06935799e+00 
-1.17000000e+00 -1.09741081e-03 -1.17000000e+00 -1.06025892e+00 
-1.16000000e+00 -1.08840152e-03 -1.16000000e+00 -1.05115985e+00 
-1.15000000e+00 -1.07939221e-03 -1.15000000e+00 -1.04206078e+00 
-1.14000000e+00 -1.07038290e-03 -1.14000000e+00 -1.03296171e+00 
-1.13000000e+00 -1.06137357e-03 -1.13000000e+00 -1.02386264e+00 
-1.12000000e+00 -1.05236424e-03 -1.12000000e+00 -1.01476358e+00 
-1.11000000e+00 -1.04335489e-03 -1.11000000e+00 -1.00566451e+00 
-1.10000000e+00 -1.03434552e-03 -1.10000000e+00 -9.96565448e-01 
-1.09000000e+00 -1.02533615e-03 -1.09000000e+00 -9.87466385e-01 
-1.08000000e+00 -1.01632676e-03 -1.08000000e+00 -9.78367324e-01 
-1.07000000e+00 -1.00731736e-03 -1.07000000e+00 -9.69268264e-01 
-1.06000000e+00 -9.98307939e-04 -1.06000000e+00 -9.60169206e-01 
-1.05000000e+00 -9.89298504e-04 -1.05000000e+00 -9.51070150e-01 
-1.04000000e+00 -9.80289054e-04 -1.04000000e+00 -9.41971095e-01 
-1.03000000e+00 -9.71279585e-04 -1.03000000e+00 -9.32872041e-01 
-1.02000000e+00 -9.62270099e-04 -1.02000000e+00 -9.23772990e-01 
-1.01000000e+00 -9.53260593e-04 -1.01000000e+00 -9.14673941e-01 
-1.00000000e+00 -9.44251067e-04 -1.00000000e+00 -9.05574893e-01 
-9.90000000e-01 -9.35241520e-04 -9.90000000e-01 -8.96475848e-01 
-9.80000000e-01 -9.26231951e-04 -9.80000000e-01 -8.87376805e-01 
-9.70000000e-01 -9.17222358e-04 -9.70000000e-01 -8.78277764e-01 
-9.60000000e-01 -9.08212740e-04 -9.60000000e-01 -8.69178726e-01 
-9.50000000e-01 -8.99203097e-04 -9.50000000e-01 -8.60079690e-01 
-9.40000000e-01 -8.90193426e-04 -9.40000000e-01 -8.50980657e-01 
-9.30000000e-01 -8.81183726e-04 -9.30000000e-01 -8.41881627e-01 
-9.20000000e-01 -8.72173995e-04 -9.20000000e-01 -8.32782600e-01 
-9.10000000e-01 -8.63164233e-04 -9.10000000e-01 -8.23683577e-01 
-9.00000000e-01 -8.54154436e-04 -9.00000000e-01 -8.14584556e-01 
-8.90000000e-01 -8.45144603e-04 -8.90000000e-01 -8.05485540e-01 
-8.80000000e-01 -8.36134732e-04 -8.80000000e-01 -7.96386527e-01 
-8.70000000e-01 -8.27124821e-04 -8.70000000e-01 -7.87287518e-01 
-8.60000000e-01 -8.18114868e-04 -8.60000000e-01 -7.78188513e-01 
-8.50000000e-01 -8.09104869e-04 -8.50000000e-01 -7.69089513e-01 
-8.40000000e-01 -8.00094822e-04 -8.40000000e-01 -7.59990518e-01 
-8.30000000e-01 -7.91084724e-04 -8.30000000e-01 -7.50891528e-01 
-8.20000000e-01 -7.82074572e-04 -8.20000000e-01 -7.41792543e-01 
-8.10000000e-01 -7.73064362e-04 -8.10000000e-01 -7.32693564e-01 
-8.00000000e-01 -7.64054092e-04 -8.00000000e-01 -7.23594591e-01 
-7.90000000e-01 -7.55043756e-04 -7.90000000e-01 -7.14495624e-01 
-7.80000000e-01 -7.46033351e-04 -7.80000000e-01 -7.05396665e-01 
-7.70000000e-01 -7.37022872e-04 -7.70000000e-01 -6.96297713e-01 
-7.60000000e-01 -7.28012314e-04 -7.60000000e-01 -6.87198769e-01 
-7.50000000e-01 -7.19001672e-04 -7.50000000e-01 -6.78099833e-01 
-7.40000000e-01 -7.09990940e-04 -7.40000000e-01 -6.69000906e-01 
-7.30000000e-01 -7.00980112e-04 -7.30000000e-01 -6.59901989e-01 
-7.20000000e-01 -6.91969180e-04 -7.20000000e-01 -6.50803082e-01 
-7.10000000e-01 -6.82958138e-04 -7.10000000e-01 -6.41704186e-01 
-7.00000000e-01 -6.73946977e-04 -7.00000000e-01 -6.32605302e-01 
-6.90000000e-01 -6.64935689e-04 -6.90000000e-01 -6.23506431e-01 
-6.80000000e-01 -6.55924264e-04 -6.80000000e-01 -6.14407574e-01 
-6.70000000e-01 -6.46912691e-04 -6.70000000e-01 -6.05308731e-01 
-6.60000000e-01 -6.37900960e-04 -6.60000000e-01 -5.96209904e-01 
-6.50000000e-01 -6.28889057e-04 -6.50000000e-01 -5.87111094e-01 
-6.40000000e-01 -6.19876969e-04 -6.40000000e-01 -5.78012303e-01 
-6.30000000e-01 -6.10864681e-04 -6.30000000e-01 -5.68913532e-01 
-6.20000000e-01 -6.01852177e-04 -6.20000000e-01 -5.59814782e-01 
-6.10000000e-01 -5.92839438e-04 -6.10000000e-01 -5.50716056e-01 
-6.00000000e-01 -5.83826444e-04 -6.00000000e-01 -5.41617356e-01 
-5.90000000e-01 -5.74813173e-04 -5.90000000e-01 -5.32518683e-01 
-5.80000000e-01 -5.65799601e-04 -5.80000000e-01 -5.23420040e-01 
-5.70000000e-01 -5.56785700e-04 -5.70000000e-01 -5.14321430e-01 
-5.60000000e-01 -5.47771441e-04 -5.60000000e-01 -5.05222856e-01 
-5.50000000e-01 -5.38756790e-04 -5.50000000e-01 -4.96124321e-01 
-5.40000000e-01 -5.29741710e-04 -5.40000000e-01 -4.87025829e-01 
-5.30000000e-01 -5.20726159e-04 -5.30000000e-01 -4.77927384e-01 
-5.20000000e-01 -5.11710090e-04 -5.20000000e-01 -4.68828991e-01 
-5.10000000e-01 -5.02693452e-04 -5.10000000e-01 -4.59730655e-01 
-5.00000000e-01 -4.93676186e-04 -5.00000000e-01 -4.50632381e-01 
-4.90000000e-01 -4.84658226e-04 -4.90000000e-01 -4.41534177e-01 
-4.80000000e-01 -4.75639498e-04 -4.80000000e-01 -4.32436050e-01 
-4.70000000e-01 -4.66619917e-04 -4.70000000e-01 -4.23338008e-01 
-4.60000000e-01 -4.57599387e-04 -4.60000000e-01 -4.14240061e-01 
-4.50000000e-01 -4.48577801e-04 -4.50000000e-01 -4.05142220e-01 
-4.40000000e-01 -4.39555034e-04 -4.40000000e-01 -3.96044497e-01 
-4.30000000e-01 -4.30530944e-04 -4.30000000e-01 -3.86946906e-01 
-4.20000000e-01 -4.21505369e-04 -4.20000000e-01 -3.77849463e-01 
-4.10000000e-01 -4.12478122e-04 -4.10000000e-01 -3.68752188e-01 
-4.00000000e-01 -4.03448985e-04 -4.00000000e-01 -3.59655102e-01 
-3.90000000e-01 -3.94417708e-04 -3.90000000e-01 -3.50558229e-01 
-3.80000000e-01 -3.85384000e-04 -3.80000000e-01 -3.41461600e-01 
-3.70000000e-01 -3.76347520e-04 -3.70000000e-01 -3.32365248e-01 
-3.60000000e-01 -3.67307867e-04 -3.60000000e-01 -3.23269213e-01 
-3.50000000e-01 -3.58264571e-04 -3.50000000e-01 -3.14173543e-01 
-3.40000000e-01 -3.49217076e-04 -3.40000000e-01 -3.05078292e-01 
-3.30000000e-01 -3.40164717e-04 -3.30000000e-01 -2.95983528e-01 
-3.20000000e-01 -3.31106705e-04 -3.20000000e-01 -2.86889329e-01 
-3.10000000e-01 -3.22042088e-04 -3.10000000e-01 -2.77795791e-01 
-3.00000000e-01 -3.12969717e-04 -3.00000000e-01 -2.68703028e-01 
-2.90000000e-01 -3.03888195e-04 -2.90000000e-01 -2.59611180e-01 
-2.80000000e-01 -2.94795812e-04 -2.80000000e-01 -2.50520419e-01 
-2.70000000e-01 -2.85690463e-04 -2.70000000e-01 -2.41430954e-01 
-2.60000000e-01 -2.76569532e-04 -2.60000000e-01 -2.32343047e-01 
-2.50000000e-01 -2.67429751e-04 -2.50000000e-01 -2.23257025e-01 
-2.40000000e-01 -2.58266992e-04 -2.40000000e-01 -2.14173301e-01 
-2.30000000e-01 -2.49076003e-04 -2.30000000e-01 -2.05092400e-01 
-2.20000000e-01 -2.39850032e-04 -2.20000000e-01 -1.96014997e-01 
-2.10000000e-01 -2.30580304e-04 -2.10000000e-01 -1.86941970e-01 
-2.00000000e-01 -2.21255292e-04 -2.00000000e-01 -1.77874471e-01 
-1.90000000e-01 -2.11870576e-04 -1.90000000e-01 -1.68812942e-01 
-1.80000000e-01 -2.02431709e-04 -1.80000000e-01 -1.59756829e-01 
-1.70000000e-01 -1.92924032e-04 -1.70000000e-01 -1.50707597e-01 
-1.60000000e-01 -1.83336689e-04 -1.60000000e-01 -1.41666331e-01 
-1.50000000e-01 -1.73657160e-04 -1.50000000e-01 -1.32634284e-01 
-1.40000000e-01 -1.63871025e-04 -1.40000000e-01 -1.23612897e-01 
-1.30000000e-01 -1.53961706e-04 -1.30000000e-01 -1.14603829e-01 
-1.20000000e-01 -1.43910168e-04 -1.20000000e-01 -1.05608983e-01 
-1.10000000e-01 -1.33694605e-04 -1.10000000e-01 -9.66305395e-02 
-1.00000000e-01 -1.23290085e-04 -1.00000000e-01 -8.76709915e-02 
-9.00000000e-02 -1.12553775e-04 -9.00000000e-02 -7.87446225e-02 
-8.00000000e-02 -1.01665306e-04 -8.00000000e-02 -6.98334694e-02 
-7.00000000e-02 -9.04883076e-05 -7.00000000e-02 -6.09511692e-02 
-6.00000000e-02 -7.89812460e-05 -6.00000000e-02 -5.21018754e-02 
-5.00000000e-02 -6.70974838e-05 -5.00000000e-02 -4.32902516e-02 
-4.00000000e-02 -5.47849256e-05 -4.00000000e-02 -3.45215074e-02 
-3.00000000e-02 -4.19857213e-05 -3.00000000e-02 -2.58014279e-02 
-2.00000000e-02 -2.86360604e-05 -2.00000000e-02 -1.71363940e-02 
-1.00000000e-02 -1.46660919e-05 -1.00000000e-02 -8.53339081e-03 
 1.64104841e-15  2.46265919e-18  1.64104841e-15  1.39478249e-15 
 1.00000000e-02  1.54436643e-05  1.00000000e-02  8.45563357e-03 
 2.00000000e-02  3.17515424e-05  2.00000000e-02  1.68248458e-02 
 3.00000000e-02  4.90145799e-05  3.00000000e-02  2.50985420e-02 
 4.00000000e-02  6.73269832e-05  4.00000000e-02  3.32673017e-02 
 5.00000000e-02  8.67848331e-05  5.00000000e-02  4.13215167e-02 
 6.00000000e-02  1.07484444e-04  6.00000000e-02  4.92515556e-02 
 7.00000000e-02  1.29520505e-04  7.00000000e-02  5.70479495e-02 
 8.00000000e-02  1.52984082e-04  8.00000000e-02  6.47015918e-02 
 9.00000000e-02  1.77960571e-04  9.00000000e-02  7.22039429e-02 
 1.00000000e-01  2.04527725e-04  1.00000000e-01  7.95472275e-02 
 1.10000000e-01  2.32753863e-04  1.10000000e-01  8.67246137e-02 
 1.20000000e-01  2.62696369e-04  1.20000000e-01  9.37303631e-02 
 1.30000000e-01  2.94400570e-04  1.30000000e-01  1.00559943e-01 
 1.40000000e-01  3.27899051e-04  1.40000000e-01  1.07210095e-01 
 1.50000000e-01  3.63211427e-04  1.50000000e-01  1.13678857e-01 
 1.60000000e-01  4.00344552e-04  1.60000000e-01  1.19965545e-01 
 1.70000000e-01  4.39293129e-04  1.70000000e-01  1.26070687e-01 
 1.80000000e-01  4.80040640e-04  1.80000000e-01  1.31995936e-01 
 1.90000000e-01  5.22560523e-04  1.90000000e-01  1.37743948e-01 
 2.00000000e-01  5.66817502e-04  2.00000000e-01  1.43318250e-01 
 2.10000000e-01  6.12768994e-04  2.10000000e-01  1.48723101e-01 
 2.20000000e-01  6.60366505e-04  2.20000000e-01  1.53963349e-01 
 2.30000000e-01  7.09556989e-04  2.30000000e-01  1.59044301e-01 
 2.40000000e-01  7.59525678e-04  2.40000000e-01  1.64047432e-01 
 2.50000000e-01  8.11788548e-04  2.50000000e-01  1.68821145e-01 
 2.60000000e-01  8.65439819e-04  2.60000000e-01  1.73456018e-01 
 2.70000000e-01  9.20450437e-04  2.70000000e-01  1.77954956e-01 
 2.80000000e-01  9.76759180e-04  2.80000000e-01  1.82324082e-01 
 2.90000000e-01  1.03430698e-03  2.90000000e-01  1.86569302e-01 
 3.00000000e-01  1.09303613e-03  3.00000000e-01  1.90696387e-01 
 3.10000000e-01  1.15289063e-03  3.10000000e-01  1.94710937e-01 
 3.20000000e-01  1.21381647e-03  3.20000000e-01  1.98618353e-01 
 3.30000000e-01  1.27576176e-03  3.30000000e-01  2.02423824e-01 
 3.40000000e-01  1.33867686e-03  3.40000000e-01  2.06132314e-01 
 3.50000000e-01  1.40251440e-03  3.50000000e-01  2.09748560e-01 
 3.60000000e-01  1.46722931e-03  3.60000000e-01  2.13277069e-01 
 3.70000000e-01  1.53277880e-03  3.70000000e-01  2.16722120e-01 
 3.80000000e-01  1.59912230e-03  3.80000000e-01  2.20087770e-01 
 3.90000000e-01  1.66622141e-03  3.90000000e-01  2.23377859e-01 
 4.00000000e-01  1.73403982e-03  4.00000000e-01  2.26596018e-01 
 4.10000000e-01  1.80254323e-03  4.10000000e-01  2.29745677e-01 
 4.20000000e-01  1.87169923e-03  4.20000000e-01  2.32830077e-01 
 4.30000000e-01  1.94147724e-03  4.30000000e-01  2.35852276e-01 
 4.40000000e-01  2.01184842e-03  4.40000000e-01  2.38815158e-01 
 4.50000000e-01  2.08278553e-03  4.50000000e-01  2.41721447e-01 
 4.60000000e-01  2.15426291e-03  4.60000000e-01  2.44573709e-01 
 4.70000000e-01  2.22625631e-03  4.70000000e-01  2.47374369e-01 
 4.80000000e-01  2.29874287e-03  4.80000000e-01  2.50125713e-01 
 4.90000000e-01  2.37170101e-03  4.90000000e-01  2.52829899e-01 
 5.00000000e-01  2.44511035e-03  5.00000000e-01  2.55488965e-01 
 5.10000000e-01  2.51895165e-03  5.10000000e-01  2.58104835e-01 
 5.20000000e-01  2.59320671e-03  5.20000000e-01  2.60679329e-01 
 5.30000000e-01  2.66785836e-03  5.30000000e-01  2.63214164e-01 
 5.40000000e-01  2.74289033e-03  5.40000000e-01  2.65710967e-01 
 5.50000000e-01  2.81828724e-03  5.50000000e-01  2.68171276e-01 
 5.60000000e-01  2.89403455e-03  5.60000000e-01  2.70596545e-01 
 5.70000000e-01  2.97011846e-03  5.70000000e-01  2.72988154e-01 
 5.80000000e-01  3.04652590e-03  5.80000000e-01  2.75347410e-01 
 5.90000000e-01  3.12324449e-03  5.90000000e-01  2.77675551e-01 
 6.00000000e-01  3.20026248e-03  6.00000000e-01  2.79973752e-01 
 6.10000000e-01  3.27756871e-03  6.10000000e-01  2.82243129e-01 
 6.20000000e-01  3.35515259e-03  6.20000000e-01  2.84484741e-01 
 6.30000000e-01  3.43300405e-03  6.30000000e-01  2.86699595e-01 
 6.40000000e-01  3.51111353e-03  6.40000000e-01  2.88888647e-01 
 6.50000000e-01  3.58947192e-03  6.50000000e-01  2.91052808e-01 
 6.60000000e-01  3.66807056e-03  6.60000000e-01  2.93192944e-01 
 6.70000000e-01  3.74690120e-03  6.70000000e-01  2.95309880e-01 
 6.80000000e-01  3.82595596e-03  6.80000000e-01  2.97404404e-01 
 6.90000000e-01  3.90522736e-03  6.90000000e-01  2.99477264e-01 
 7.00000000e-01  3.98470825e-03  7.00000000e-01  3.01529175e-01 
 7.10000000e-01  4.06439179e-03  7.10000000e-01  3.03560821e-01 
 7.20000000e-01  4.14427147e-03  7.20000000e-01  3.05572853e-01 
 7.30000000e-01  4.22434107e-03  7.30000000e-01  3.07565893e-01 
 7.40000000e-01  4.30459462e-03  7.40000000e-01  3.09540538e-01 
 7.50000000e-01  4.38502644e-03  7.50000000e-01  3.11497356e-01 
 7.60000000e-01  4.46563108e-03  7.60000000e-01  3.13436892e-01 
 7.70000000e-01  4.54640332e-03  7.70000000e-01  3.15359668e-01 
 7.80000000e-01  4.62733816e-03  7.80000000e-01  3.17266184e-01 
 7.90000000e-01  4.70843083e-03  7.90000000e-01  3.19156917e-01 
 8.00000000e-01  4.78967672e-03  8.00000000e-01  3.21032328e-01 
 8.10000000e-01  4.87107144e-03  8.10000000e-01  3.22892856e-01 
 8.20000000e-01  4.95261076e-03  8.20000000e-01  3.24738924e-01 
 8.30000000e-01  5.03429062e-03  8.30000000e-01  3.26570938e-01 
 8.40000000e-01  5.11610713e-03  8.40000000e-01  3.28389287e-01 
 8.50000000e-01  5.19805654e-03  8.50000000e-01  3.30194346e-01 
 8.60000000e-01  5.28013525e-03  8.60000000e-01  3.31986475e-01 
 8.70000000e-01  5.36233981e-03  8.70000000e-01  3.33766019e-01 
 8.80000000e-01  5.44466688e-03  8.80000000e-01  3.35533312e-01 
 8.90000000e-01  5.52711325e-03  8.90000000e-01  3.37288675e-01 
 9.00000000e-01  5.60967584e-03  9.00000000e-01  3.39032416e-01 
 9.10000000e-01  5.69235167e-03  9.10000000e-01  3.40764833e-01 
 9.20000000e-01  5.77513788e-03  9.20000000e-01  3.42486212e-01 
 9.30000000e-01  5.85803171e-03  9.30000000e-01  3.44196829e-01 
 9.40000000e-01  5.94103048e-03  9.40000000e-01  3.45896952e-01 
 9.50000000e-01  6.02413163e-03  9.50000000e-01  3.47586837e-01 
 9.60000000e-01  6.10733269e-03  9.60000000e-01  3.49266731e-01 
 9.70000000e-01  6.19063124e-03  9.70000000e-01  3.50936876e-01 
 9.80000000e-01  6.27402499e-03  9.80000000e-01  3.52597501e-01 
 9.90000000e-01  6.35751169e-03  9.90000000e-01  3.54248831e-01 
 1.00000000e+00  6.44108918e-03  1.00000000e+00  3.55891082e-01 
 1.01000000e+00  6.52475538e-03  1.01000000e+00  3.57524462e-01 
 1.02000000e+00  6.60850827e-03  1.02000000e+00  3.59149173e-01 
 1.03000000e+00  6.69234588e-03  1.03000000e+00  3.60765412e-01 
 1.04000000e+00  6.77626634e-03  1.04000000e+00  3.62373366e-01 
 1.05000000e+00  6.86026781e-03  1.05000000e+00  3.63973219e-01 
 1.06000000e+00  6.94434852e-03  1.06000000e+00  3.65565148e-01 
 1.07000000e+00  7.02850675e-03  1.07000000e+00  3.67149325e-01 
 1.08000000e+00  7.11274083e-03  1.08000000e+00  3.68725917e-01 
 1.09000000e+00  7.19704916e-03  1.09000000e+00  3.70295084e-01 
 1.10000000e+00  7.28143018e-03  1.10000000e+00  3.71856982e-01 
 1.11000000e+00  7.36588236e-03  1.11000000e+00  3.73411764e-01 
 1.12000000e+00  7.45040423e-03  1.12000000e+00  3.74959577e-01 
 1.13000000e+00  7.53499438e-03  1.13000000e+00  3.76500562e-01 
 1.14000000e+00  7.61965141e-03  1.14000000e+00  3.78034859e-01 
 1.15000000e+00  7.70437399e-03  1.15000000e+00  3.79562601e-01 
 1.16000000e+00  7.78916080e-03  1.16000000e+00  3.81083920e-01 
 1.17000000e+00  7.87401058e-03  1.17000000e+00  3.82598942e-01 
 1.18000000e+00  7.95892209e-03  1.18000000e+00  3.84107791e-01 
 1.19000000e+00  8.04389415e-03  1.19000000e+00  3.85610585e-01 
 1.20000000e+00  8.12892559e-03  1.20000000e+00  3.87107441e-01 
 1.21000000e+00  8.21401527e-03  1.21000000e+00  3.88598473e-01 
 1.22000000e+00  8.29916210e-03  1.22000000e+00  3.90083790e-01 
 1.23000000e+00  8.38436500e-03  1.23000000e+00  3.91563500e-01 
 1.24000000e+00  8.46962294e-03  1.24000000e+00  3.93037706e-01 
 1.25000000e+00  8.55493490e-03  1.25000000e+00  3.94506510e-01 
 1.26000000e+00  8.64029990e-03  1.26000000e+00  3.95970010e-01 
 1.27000000e+00  8.72571698e-03  1.27000000e+00  3.97428302e-01 
 1.28000000e+00  8.81118520e-03  1.28000000e+00  3.98881480e-01 
 1.29000000e+00  8.89670365e-03  1.29000000e+00  4.00329635e-01 
 1.30000000e+00  8.98227144e-03  1.30000000e+00  4.01772856e-01 
 1.31000000e+00  9.06788772e-03  1.31000000e+00  4.03211228e-01 
 1.32000000e+00  9.15355163e-03  1.32000000e+00  4.04644837e-01 
 1.33000000e+00  9.23926236e-03  1.33000000e+00  4.06073764e-01 
 1.34000000e+00  9.32501910e-03  1.34000000e+00  4.07498090e-01 
 1.35000000e+00  9.41082109e-03  1.35000000e+00  4.08917891e-01 
 1.36000000e+00  9.49666754e-03  1.36000000e+00  4.10333246e-01 
 1.37000000e+00  9.58255773e-03  1.37000000e+00  4.11744227e-01 
 1.38000000e+00  9.66849093e-03  1.38000000e+00  4.13150907e-01 
 1.39000000e+00  9.75446642e-03  1.39000000e+00  4.14553358e-01 
 1.40000000e+00  9.84048352e-03  1.40000000e+00  4.15951648e-01 
 1.41000000e+00  9.92654156e-03  1.41000000e+00  4.17345844e-01 
 1.42000000e+00  1.00126399e-02  1.42000000e+00  4.18736012e-01 
 1.43000000e+00  1.00987778e-02  1.43000000e+00  4.20122217e-01 
 1.44000000e+00  1.01849548e-02  1.44000000e+00  4.21504522e-01 
 1.45000000e+00  1.02711701e-02  1.45000000e+00  4.22882987e-01 
 1.46000000e+00  1.03574233e-02  1.46000000e+00  4.24257672e-01 
 1.47000000e+00  1.04437136e-02  1.47000000e+00  4.25628637e-01 
 1.48000000e+00  1.05300406e-02  1.48000000e+00  4.26995939e-01 
 1.49000000e+00  1.06164037e-02  1.49000000e+00  4.28359632e-01 
 1.50000000e+00  1.07028023e-02  1.50000000e+00  4.29719773e-01 
 1.51000000e+00  1.07892359e-02  1.51000000e+00  4.31076415e-01 
 1.52000000e+00  1.08757039e-02  1.52000000e+00  4.32429609e-01 
 1.53000000e+00  1.09622059e-02  1.53000000e+00  4.33779407e-01 
 1.54000000e+00  1.10487414e-02  1.54000000e+00  4.35125860e-01 
 1.55000000e+00  1.11353098e-02  1.55000000e+00  4.36469016e-01 
 1.56000000e+00  1.12219108e-02  1.56000000e+00  4.37808923e-01 
 1.57000000e+00  1.13085437e-02  1.57000000e+00  4.39145629e-01 
 1.58000000e+00  1.13952082e-02  1.58000000e+00  4.40479178e-01 
 1.59000000e+00  1.14819038e-02  1.59000000e+00  4.41809616e-01 
 1.60000000e+00  1.15686301e-02  1.60000000e+00  4.43136988e-01 
 1.61000000e+00  1.16553866e-02  1.61000000e+00  4.44461335e-01 
 1.62000000e+00  1.17421730e-02  1.62000000e+00  4.45782701e-01 
 1.63000000e+00  1.18289887e-02  1.63000000e+00  4.47101127e-01 
 1.64000000e+00  1.19158335e-02  1.64000000e+00  4.48416653e-01 
 1.65000000e+00  1.20027068e-02  1.65000000e+00  4.49729320e-01 
 1.66000000e+00  1.20896083e-02  1.66000000e+00  4.51039165e-01 
 1.67000000e+00  1.21765377e-02  1.67000000e+00  4.52346228e-01 
 1.68000000e+00  1.22634945e-02  1.68000000e+00  4.53650545e-01 
 1.69000000e+00  1.23504785e-02  1.69000000e+00  4.54952154e-01 
 1.70000000e+00  1.24374891e-02  1.70000000e+00  4.56251089e-01 
 1.71000000e+00  1.25245261e-02  1.71000000e+00  4.57547387e-01 
 1.72000000e+00  1.26115892e-02  1.72000000e+00  4.58841083e-01 
 1.73000000e+00  1.26986779e-02  1.73000000e+00  4.60132209e-01 
 1.74000000e+00  1.27857920e-02  1.74000000e+00  4.61420799e-01 
 1.75000000e+00  1.28729311e-02  1.75000000e+00  4.62706886e-01 
 1.76000000e+00  1.29600950e-02  1.76000000e+00  4.63990502e-01 
 1.77000000e+00  1.30472832e-02  1.77000000e+00  4.65271678e-01 
 1.78000000e+00  1.31344955e-02  1.78000000e+00  4.66550446e-01 
 1.79000000e+00  1.32217317e-02  1.79000000e+00  4.67826834e-01 
 1.80000000e+00  1.33089913e-02  1.80000000e+00  4.69100874e-01 
 1.81000000e+00  1.33962741e-02  1.81000000e+00  4.70372594e-01 
 1.82000000e+00  1.34835798e-02  1.82000000e+00  4.71642023e-01 
 1.83000000e+00  1.35709081e-02  1.83000000e+00  4.72909188e-01 
 1.84000000e+00  1.36582588e-02  1.84000000e+00  4.74174118e-01 
 1.85000000e+00  1.37456316e-02  1.85000000e+00  4.75436840e-01 
 1.86000000e+00  1.38330262e-02  1.86000000e+00  4.76697380e-01 
 1.87000000e+00  1.39204424e-02  1.87000000e+00  4.77955764e-01 
 1.88000000e+00  1.40078798e-02  1.88000000e+00  4.79212019e-01 
 1.89000000e+00  1.40953383e-02  1.89000000e+00  4.80466169e-01 
 1.90000000e+00  1.41828176e-02  1.90000000e+00  4.81718238e-01 
 1.91000000e+00  1.42703175e-02  1.91000000e+00  4.82968253e-01 
 1.92000000e+00  1.43578376e-02  1.92000000e+00  4.84216236e-01 
 1.93000000e+00  1.44453779e-02  1.93000000e+00  4.85462211e-01 
 1.94000000e+00  1.45329380e-02  1.94000000e+00  4.86706201e-01 
 1.95000000e+00  1.46205177e-02  1.95000000e+00  4.87948229e-01 
 1.96000000e+00  1.47081168e-02  1.96000000e+00  4.89188317e-01 
 1.97000000e+00  1.47957351e-02  1.97000000e+00  4.90426488e-01 
 1.98000000e+00  1.48833724e-02  1.98000000e+00  4.91662762e-01 
 1.99000000e+00  1.49710284e-02  1.99000000e+00  4.92897162e-01 
 2.00000000e+00  1.50587029e-02  2.00000000e+00  4.94129708e-01 
