-2.00000000e+00 -1.81465305e-03 -2.00000000e+00 -1.81853469e+00 
-1.99000000e+00 -1.80564887e-03 -1.99000000e+00 -1.80943511e+00 
-1.98000000e+00 -1.79663978e-03 -1.98000000e+00 -1.80033602e+00 
-1.97000000e+00 -1.78762600e-03 -1.97000000e+00 -1.79123740e+00 
-1.96000000e+00 -1.77861698e-03 -1.96000000e+00 -1.78213830e+00 
-1.95000000e+00 -1.76960796e-03 -1.95000000e+00 -1.77303920e+00 
-1.94000000e+00 -1.76059895e-03 -1.94000000e+00 -1.76394011e+00 
-1.93000000e+00 -1.75158993e-03 -1.93000000e+00 -1.75484101e+00 
-1.92000000e+00 -1.74258091e-03 -1.92000000e+00 -1.74574191e+00 
-1.91000000e+00 -1.73357189e-03 -1.91000000e+00 -1.73664281e+00 
-1.90000000e+00 -1.72456287e-03 -1.90000000e+00 -1.72754371e+00 
-1.89000000e+00 -1.71555385e-03 -1.89000000e+00 -1.71844461e+00 
-1.88000000e+00 -1.70654483e-03 -1.88000000e+00 -1.70934552e+00 
-1.87000000e+00 -1.69753581e-03 -1.87000000e+00 -1.70024642e+00 
-1.86000000e+00 -1.68852679e-03 -1.86000000e+00 -1.69114732e+00 
-1.85000000e+00 -1.67951777e-03 -1.85000000e+00 -1.68204822e+00 
-1.84000000e+00 -1.67050875e-03 -1.84000000e+00 -1.67294912e+00 
-1.83000000e+00 -1.66149973e-03 -1.83000000e+00 -1.66385003e+00 
-1.82000000e+00 -1.65249071e-03 -1.82000000e+00 -1.65475093e+00 
-1.81000000e+00 -1.64348169e-03 -1.81000000e+00 -1.64565183e+00 
-1.80000000e+00 -1.63447267e-03 -1.80000000e+00 -1.63655273e+00 
-1.79000000e+00 -1.62546365e-03 -1.79000000e+00 -1.62745364e+00 
-1.78000000e+00 -1.61645463e-03 -1.78000000e+00 -1.61835454e+00 
-1.77000000e+00 -1.60744561e-03 -1.77000000e+00 -1.60925544e+00 
-1.76000000e+00 -1.59843658e-03 -1.76000000e+00 -1.60015634e+00 
-1.75000000e+00 -1.58942756e-03 -1.75000000e+00 -1.59105724e+00 
-1.74000000e+00 -1.58041854e-03 -1.74000000e+00 -1.58195815e+00 
-1.73000000e+00 -1.57140952e-03 -1.73000000e+00 -1.57285905e+00 
-1.72000000e+00 -1.56240049e-03 -1.72000000e+00 -1.56375995e+00 
-1.71000000e+00 -1.55339147e-03 -1.71000000e+00 -1.55466085e+00 
-1.70000000e+00 -1.54438244e-03 -1.70000000e+00 -1.54556176e+00 
-1.69000000e+00 -1.53537342e-03 -1.69000000e+00 -1.53646266e+00 
-1.68000000e+00 -1.52636439e-03 -1.68000000e+00 -1.52736356e+00 
-1.67000000e+00 -1.51735537e-03 -1.67000000e+00 -1.51826446e+00 
-1.66000000e+00 -1.50834634e-03 -1.66000000e+00 -1.50916537e+00 
-1.65000000e+00 -1.49933732e-03 -1.65000000e+00 -1.50006627e+00 
-1.64000000e+00 -1.49032829e-03 -1.64000000e+00 -1.49096717e+00 
-1.63000000e+00 -1.48131926e-03 -1.63000000e+00 -1.48186807e+00 
-1.62000000e+00 -1.47231024e-03 -1.62000000e+00 -1.47276898e+00 
-1.61000000e+00 -1.46330121e-03 -1.61000000e+00 -1.46366988e+00 
-1.60000000e+00 -1.45429218e-03 -1.60000000e+00 -1.45457078e+00 
-1.59000000e+00 -1.44528315e-03 -1.59000000e+00 -1.44547168e+00 
-1.58000000e+00 -1.43627412e-03 -1.58000000e+00 -1.43637259e+00 
-1.57000000e+00 -1.42726509e-03 -1.57000000e+00 -1.42727349e+00 
-1.56000000e+00 -1.41825606e-03 -1.56000000e+00 -1.41817439e+00 
-1.55000000e+00 -1.40924703e-03 -1.55000000e+00 -1.40907530e+00 
-1.54000000e+00 -1.40023800e-03 -1.54000000e+00 -1.39997620e+00 
-1.53000000e+00 -1.39122897e-03 -1.53000000e+00 -1.39087710e+00 
-1.52000000e+00 -1.38221993e-03 -1.52000000e+00 -1.38177801e+00 
-1.51000000e+00 -1.37321090e-03 -1.51000000e+00 -1.37267891e+00 
-1.50000000e+00 -1.36420187e-03 -1.50000000e+00 -1.36357981e+00 
-1.49000000e+00 -1.35519283e-03 -1.49000000e+00 -1.35448072e+00 
-1.48000000e+00 -1.34618379e-03 -1.48000000e+00 -1.34538162e+00 
-1.47000000e+00 -1.33717476e-03 -1.47000000e+00 -1.33628252e+00 
-1.46000000e+00 -1.32816572e-03 -1.46000000e+00 -1.32718343e+00 
-1.45000000e+00 -1.31915668e-03 -1.45000000e+00 -1.31808433e+00 
-1.44000000e+00 -1.31014765e-03 -1.44000000e+00 -1.30898524e+00 
-1.43000000e+00 -1.30113861e-03 -1.43000000e+00 -1.29988614e+00 
-1.42000000e+00 -1.29212957e-03 -1.42000000e+00 -1.29078704e+00 
-1.41000000e+00 -1.28312052e-03 -1.41000000e+00 -1.28168795e+00 
-1.40000000e+00 -1.27411148e-03 -1.40000000e+00 -1.27258885e+00 
-1.39000000e+00 -1.26510244e-03 -1.39000000e+00 -1.26348976e+00 
-1.38000000e+00 -1.25609340e-03 -1.38000000e+00 -1.25439066e+00 
-1.37000000e+00 -1.24708435e-03 -1.37000000e+00 -1.24529156e+00 
-1.36000000e+00 -1.23807530e-03 -1.36000000e+00 -1.23619247e+00 
-1.35000000e+00 -1.22906626e-03 -1.35000000e+00 -1.22709337e+00 
-1.34000000e+00 -1.22005721e-03 -1.34000000e+00 -1.21799428e+00 
-1.33000000e+00 -1.21104816e-03 -1.33000000e+00 -1.20889518e+00 
-1.32000000e+00 -1.20203911e-03 -1.32000000e+00 -1.19979609e+00 
-1.31000000e+00 -1.19303006e-03 -1.31000000e+00 -1.19069699e+00 
-1.30000000e+00 -1.18402100e-03 -1.30000000e+00 -1.18159790e+00 
-1.29000000e+00 -1.17501195e-03 -1.29000000e+00 -1.17249881e+00 
-1.28000000e+00 -1.16600289e-03 -1.28000000e+00 -1.16339971e+00 
-1.27000000e+00 -1.15699383e-03 -1.27000000e+00 -1.15430062e+00 
-1.26000000e+00 -1.14798477e-03 -1.26000000e+00 -1.14520152e+00 
-1.25000000e+00 -1.13897571e-03 -1.25000000e+00 -1.13610243e+00 
-1.24000000e+00 -1.12996665e-03 -1.24000000e+00 -1.12700333e+00 
-1.23000000e+00 -1.12095759e-03 -1.23000000e+00 -1.11790424e+00 
-1.22000000e+00 -1.11194852e-03 -1.22000000e+00 -1.10880515e+00 
-1.21000000e+00 -1.10293945e-03 -1.21000000e+00 -1.09970605e+00 
-1.20000000e+00 -1.09393038e-03 -1.20000000e+00 -1.09060696e+00 
-1.19000000e+00 -1.08492131e-03 -1.19000000e+00 -1.08150787e+00 
-1.18000000e+00 -1.07591224e-03 -1.18000000e+00 -1.07240878e+00 
-1.17000000e+00 -1.06690316e-03 -1.17000000e+00 -1.06330968e+00 
-1.16000000e+00 -1.05789408e-03 -1.16000000e+00 -1.05421059e+00 
-1.15000000e+00 -1.04888500e-03 -1.15000000e+00 -1.04511150e+00 
-1.14000000e+00 -1.03987591e-03 -1.14000000e+00 -1.03601241e+00 
-1.13000000e+00 -1.03086683e-03 -1.13000000e+00 -1.02691332e+00 
-1.12000000e+00 -1.02185774e-03 -1.12000000e+00 -1.01781423e+00 
-1.11000000e+00 -1.01284865e-03 -1.11000000e+00 -1.00871514e+00 
-1.10000000e+00 -1.00383955e-03 -1.10000000e+00 -9.99616045e-01 
-1.09000000e+00 -9.94830452e-04 -1.09000000e+00 -9.90516955e-01 
-1.08000000e+00 -9.85821350e-04 -1.08000000e+00 -9.81417865e-01 
-1.07000000e+00 -9.76812244e-04 -1.07000000e+00 -9.72318776e-01 
-1.06000000e+00 -9.67803135e-04 -1.06000000e+00 -9.63219686e-01 
-1.05000000e+00 -9.58794022e-04 -1.05000000e+00 -9.54120598e-01 
-1.04000000e+00 -9.49784905e-04 -1.04000000e+00 -9.45021509e-01 
-1.03000000e+00 -9.40775784e-04 -1.03000000e+00 -9.35922422e-01 
-1.02000000e+00 -9.31766658e-04 -1.02000000e+00 -9.26823334e-01 
-1.01000000e+00 -9.22757527e-04 -1.01000000e+00 -9.17724247e-01 
-1.00000000e+00 -9.13748392e-04 -1.00000000e+00 -9.08625161e-01 
-9.90000000e-01 -9.04739252e-04 -9.90000000e-01 -8.99526075e-01 
-9.80000000e-01 -8.95730106e-04 -9.80000000e-01 -8.90426989e-01 
-9.70000000e-01 -8.86720954e-04 -9.70000000e-01 -8.81327905e-01 
-9.60000000e-01 -8.77711796e-04 -9.60000000e-01 -8.72228820e-01 
-9.50000000e-01 -8.68702632e-04 -9.50000000e-01 -8.63129737e-01 
-9.40000000e-01 -8.59693461e-04 -9.40000000e-01 -8.54030654e-01 
-9.30000000e-01 -8.50684284e-04 -9.30000000e-01 -8.44931572e-01 
-9.20000000e-01 -8.41675098e-04 -9.20000000e-01 -8.35832490e-01 
-9.10000000e-01 -8.32665905e-04 -9.10000000e-01 -8.26733409e-01 
-9.00000000e-01 -8.23656704e-04 -9.00000000e-01 -8.17634330e-01 
-8.90000000e-01 -8.14647494e-04 -8.90000000e-01 -8.08535251e-01 
-8.80000000e-01 -8.05638275e-04 -8.80000000e-01 -7.99436173e-01 
-8.70000000e-01 -7.96629046e-04 -8.70000000e-01 -7.90337095e-01 
-8.60000000e-01 -7.87619806e-04 -8.60000000e-01 -7.81238019e-01 
-8.50000000e-01 -7.78610556e-04 -8.50000000e-01 -7.72138944e-01 
-8.40000000e-01 -7.69601294e-04 -8.40000000e-01 -7.63039871e-01 
-8.30000000e-01 -7.60592019e-04 -8.30000000e-01 -7.53940798e-01 
-8.20000000e-01 -7.51582732e-04 -8.20000000e-01 -7.44841727e-01 
-8.10000000e-01 -7.42573430e-04 -8.10000000e-01 -7.35742657e-01 
-8.00000000e-01 -7.33564114e-04 -8.00000000e-01 -7.26643589e-01 
-7.90000000e-01 -7.24554782e-04 -7.90000000e-01 -7.17544522e-01 
-7.80000000e-01 -7.15545433e-04 -7.80000000e-01 -7.08445457e-01 
-7.70000000e-01 -7.06536066e-04 -7.70000000e-01 -6.99346393e-01 
-7.60000000e-01 -6.97526680e-04 -7.60000000e-01 -6.90247332e-01 
-7.50000000e-01 -6.88517274e-04 -7.50000000e-01 -6.81148273e-01 
-7.40000000e-01 -6.79507846e-04 -7.40000000e-01 -6.72049215e-01 
-7.30000000e-01 -6.70498394e-04 -7.30000000e-01 -6.62950161e-01 
-7.20000000e-01 -6.61488918e-04 -7.20000000e-01 -6.53851108e-01 
-7.10000000e-01 -6.52479415e-04 -7.10000000e-01 -6.44752059e-01 
-7.00000000e-01 -6.43469883e-04 -7.00000000e-01 -6.35653012e-01 
-6.90000000e-01 -6.34460320e-04 -6.90000000e-01 -6.26553968e-01 
-6.80000000e-01 -6.25450725e-04 -6.80000000e-01 -6.17454928e-01 
-6.70000000e-01 -6.16441093e-04 -6.70000000e-01 -6.08355891e-01 
-6.60000000e-01 -6.07431424e-04 -6.60000000e-01 -5.99256858e-01 
-6.50000000e-01 -5.98421713e-04 -6.50000000e-01 -5.90157829e-01 
-6.40000000e-01 -5.89411957e-04 -6.40000000e-01 -5.81058804e-01 
-6.30000000e-01 -5.80402154e-04 -6.30000000e-01 -5.71959785e-01 
-6.20000000e-01 -5.71392298e-04 -6.20000000e-01 -5.62860770e-01 
-6.10000000e-01 -5.62382385e-04 -6.10000000e-01 -5.53761761e-01 
-6.00000000e-01 -5.53372411e-04 -6.00000000e-01 -5.44662759e-01 
-5.90000000e-01 -5.44362371e-04 -5.90000000e-01 -5.35563763e-01 
-5.80000000e-01 -5.35352258e-04 -5.80000000e-01 -5.26464774e-01 
-5.70000000e-01 -5.26342066e-04 -5.70000000e-01 -5.17365793e-01 
-5.60000000e-01 -5.17331788e-04 -5.60000000e-01 -5.08266821e-01 
-5.50000000e-01 -5.08321416e-04 -5.50000000e-01 -4.99167858e-01 
-5.40000000e-01 -4.99310941e-04 -5.40000000e-01 -4.90068906e-01 
-5.30000000e-01 -4.90300354e-04 -5.30000000e-01 -4.80969965e-01 
-5.20000000e-01 -4.81289642e-04 -5.20000000e-01 -4.71871036e-01 
-5.10000000e-01 -4.72278794e-04 -5.10000000e-01 -4.62772121e-01 
-5.00000000e-01 -4.63267795e-04 -5.00000000e-01 -4.53673220e-01 
-4.90000000e-01 -4.54256631e-04 -4.90000000e-01 -4.44574337e-01 
-4.80000000e-01 -4.45245283e-04 -4.80000000e-01 -4.35475472e-01 
-4.70000000e-01 -4.36233731e-04 -4.70000000e-01 -4.26376627e-01 
-4.60000000e-01 -4.27221953e-04 -4.60000000e-01 -4.17277805e-01 
-4.50000000e-01 -4.18209924e-04 -4.50000000e-01 -4.08179008e-01 
-4.40000000e-01 -4.09197613e-04 -4.40000000e-01 -3.99080239e-01 
-4.30000000e-01 -4.00184987e-04 -4.30000000e-01 -3.89981501e-01 
-4.20000000e-01 -3.91172008e-04 -4.20000000e-01 -3.80882799e-01 
-4.10000000e-01 -3.82158632e-04 -4.10000000e-01 -3.71784137e-01 
-4.00000000e-01 -3.73144808e-04 -4.00000000e-01 -3.62685519e-01 
-3.90000000e-01 -3.64130476e-04 -3.90000000e-01 -3.53586952e-01 
-3.80000000e-01 -3.55115569e-04 -3.80000000e-01 -3.44488443e-01 
-3.70000000e-01 -3.46100006e-04 -3.70000000e-01 -3.35389999e-01 
-3.60000000e-01 -3.37083695e-04 -3.60000000e-01 -3.26291631e-01 
-3.50000000e-01 -3.28066523e-04 -3.50000000e-01 -3.17193348e-01 
-3.40000000e-01 -3.19048363e-04 -3.40000000e-01 -3.08095164e-01 
-3.30000000e-01 -3.10029058e-04 -3.30000000e-01 -2.98997094e-01 
-3.20000000e-01 -3.01008426e-04 -3.20000000e-01 -2.89899157e-01 
-3.10000000e-01 -2.91986244e-04 -3.10000000e-01 -2.80801376e-01 
-3.00000000e-01 -2.82962246e-04 -3.00000000e-01 -2.71703775e-01 
-2.90000000e-01 -2.73936109e-04 -2.90000000e-01 -2.62606389e-01 
-2.80000000e-01 -2.64907437e-04 -2.80000000e-01 -2.53509256e-01 
-2.70000000e-01 -2.55875745e-04 -2.70000000e-01 -2.44412425e-01 
-2.60000000e-01 -2.46840430e-04 -2.60000000e-01 -2.35315957e-01 
-2.50000000e-01 -2.37800740e-04 -2.50000000e-01 -2.26219926e-01 
-2.40000000e-01 -2.28755728e-04 -2.40000000e-01 -2.17124427e-01 
-2.30000000e-01 -2.19704192e-04 -2.30000000e-01 -2.08029581e-01 
-2.20000000e-01 -2.10644587e-04 -2.20000000e-01 -1.98935541e-01 
-2.10000000e-01 -2.01574911e-04 -2.10000000e-01 -1.89842509e-01 
-2.00000000e-01 -1.92492534e-04 -2.00000000e-01 -1.80750747e-01 
-1.90000000e-01 -1.83393964e-04 -1.90000000e-01 -1.71660604e-01 
-1.80000000e-01 -1.74274494e-04 -1.80000000e-01 -1.62572551e-01 
-1.70000000e-01 -1.65137894e-04 -1.70000000e-01 -1.53486211e-01 
-1.60000000e-01 -1.55979451e-04 -1.60000000e-01 -1.44402055e-01 
-1.50000000e-01 -1.46795311e-04 -1.50000000e-01 -1.35320469e-01 
-1.40000000e-01 -1.37581078e-04 -1.40000000e-01 -1.26241892e-01 
-1.30000000e-01 -1.28331610e-04 -1.30000000e-01 -1.17166839e-01 
-1.20000000e-01 -1.19040898e-04 -1.20000000e-01 -1.08095910e-01 
-1.10000000e-01 -1.09701925e-04 -1.10000000e-01 -9.90298075e-02 
-1.00000000e-01 -1.00306500e-04 -1.00000000e-01 -8.99693500e-02 
-9.00000000e-02 -9.08450695e-05 -9.00000000e-02 -8.09154931e-02 
-8.00000000e-02 -8.13065023e-05 -8.00000000e-02 -7.18693498e-02 
-7.00000000e-02 -7.16778436e-05 -7.00000000e-02 -6.28322156e-02 
-6.00000000e-02 -6.19440344e-05 -6.00000000e-02 -5.38055966e-02 
-5.00000000e-02 -5.20225732e-05 -5.00000000e-02 -4.47977427e-02 
-4.00000000e-02 -4.20125746e-05 -4.00000000e-02 -3.57987425e-02 
-3.00000000e-02 -3.18346326e-05 -3.00000000e-02 -2.68165367e-02 
-2.00000000e-02 -2.14615200e-05 -2.00000000e-02 -1.78538480e-02 
-1.00000000e-02 -1.08619332e-05 -1.00000000e-02 -8.91380668e-03 
 1.64104841e-15 -4.48838052e-13  1.64104841e-15  4.48854462e-11 
 1.00000000e-02  1.11652295e-05  1.00000000e-02  8.88347705e-03 
 2.00000000e-02  2.26803004e-05  2.00000000e-02  1.77319700e-02 
 3.00000000e-02  3.45978448e-05  3.00000000e-02  2.65402155e-02 
 4.00000000e-02  4.69770327e-05  4.00000000e-02  3.53022967e-02 
 5.00000000e-02  5.98839381e-05  5.00000000e-02  4.40116062e-02 
 6.00000000e-02  7.33917785e-05  6.00000000e-02  5.26608222e-02 
 7.00000000e-02  8.75809761e-05  7.00000000e-02  6.12419024e-02 
 8.00000000e-02  1.02538986e-04  8.00000000e-02  6.97461014e-02 
 9.00000000e-02  1.18359837e-04  9.00000000e-02  7.81640163e-02 
 1.00000000e-01  1.35143329e-04  1.00000000e-01  8.64856671e-02 
 1.10000000e-01  1.52993857e-04  1.10000000e-01  9.47006143e-02 
 1.20000000e-01  1.72018848e-04  1.20000000e-01  1.02798115e-01 
 1.30000000e-01  1.92326818e-04  1.30000000e-01  1.10767318e-01 
 1.40000000e-01  2.14025111e-04  1.40000000e-01  1.18597489e-01 
 1.50000000e-01  2.37217415e-04  1.50000000e-01  1.26278259e-01 
 1.60000000e-01  2.62001174e-04  1.60000000e-01  1.33799883e-01 
 1.70000000e-01  2.88465066e-04  1.70000000e-01  1.41153493e-01 
 1.80000000e-01  3.16686694e-04  1.80000000e-01  1.48331331e-01 
 1.90000000e-01  3.46730667e-04  1.90000000e-01  1.55326933e-01 
 2.00000000e-01  3.78647179e-04  2.00000000e-01  1.62135282e-01 
 2.10000000e-01  4.12471168e-04  2.10000000e-01  1.68752883e-01 
 2.20000000e-01  4.48222103e-04  2.20000000e-01  1.75177790e-01 
 2.30000000e-01  4.85904338e-04  2.30000000e-01  1.81409566e-01 
 2.40000000e-01  5.25507989e-04  2.40000000e-01  1.87449201e-01 
 2.50000000e-01  5.67010220e-04  2.50000000e-01  1.93298978e-01 
 2.60000000e-01  6.10376812e-04  2.60000000e-01  1.98962319e-01 
 2.70000000e-01  6.55563894e-04  2.70000000e-01  2.04443611e-01 
 2.80000000e-01  7.02519737e-04  2.80000000e-01  2.09748026e-01 
 2.90000000e-01  7.51186494e-04  2.90000000e-01  2.14881351e-01 
 3.00000000e-01  8.01501843e-04  3.00000000e-01  2.19849816e-01 
 3.10000000e-01  8.52620225e-04  3.10000000e-01  2.24737977e-01 
 3.20000000e-01  9.06099386e-04  3.20000000e-01  2.29390061e-01 
 3.30000000e-01  9.60993989e-04  3.30000000e-01  2.33900601e-01 
 3.40000000e-01  1.01727083e-03  3.40000000e-01  2.38272917e-01 
 3.50000000e-01  1.07486198e-03  3.50000000e-01  2.42513802e-01 
 3.60000000e-01  1.13370255e-03  3.60000000e-01  2.46629745e-01 
 3.70000000e-01  1.19372972e-03  3.70000000e-01  2.50627028e-01 
 3.80000000e-01  1.25488302e-03  3.80000000e-01  2.54511698e-01 
 3.90000000e-01  1.31710459e-03  3.90000000e-01  2.58289541e-01 
 4.00000000e-01  1.38033925e-03  4.00000000e-01  2.61966075e-01 
 4.10000000e-01  1.44453454e-03  4.10000000e-01  2.65546546e-01 
 4.20000000e-01  1.50964078e-03  4.20000000e-01  2.69035922e-01 
 4.30000000e-01  1.57561095e-03  4.30000000e-01  2.72438905e-01 
 4.40000000e-01  1.64240067e-03  4.40000000e-01  2.75759933e-01 
 4.50000000e-01  1.70996810e-03  4.50000000e-01  2.79003190e-01 
 4.60000000e-01  1.77827383e-03  4.60000000e-01  2.82172617e-01 
 4.70000000e-01  1.84728078e-03  4.70000000e-01  2.85271922e-01 
 4.80000000e-01  1.91695406e-03  4.80000000e-01  2.88304594e-01 
 4.90000000e-01  1.98726085e-03  4.90000000e-01  2.91273915e-01 
 5.00000000e-01  2.05817033e-03  5.00000000e-01  2.94182967e-01 
 5.10000000e-01  2.12965350e-03  5.10000000e-01  2.97034650e-01 
 5.20000000e-01  2.20168310e-03  5.20000000e-01  2.99831690e-01 
 5.30000000e-01  2.27423350e-03  5.30000000e-01  3.02576650e-01 
 5.40000000e-01  2.34728060e-03  5.40000000e-01  3.05271940e-01 
 5.50000000e-01  2.42080170e-03  5.50000000e-01  3.07919830e-01 
 5.60000000e-01  2.49477546e-03  5.60000000e-01  3.10522454e-01 
 5.70000000e-01  2.56918177e-03  5.70000000e-01  3.13081823e-01 
 5.80000000e-01  2.64400169e-03  5.80000000e-01  3.15599831e-01 
 5.90000000e-01  2.71921736e-03  5.90000000e-01  3.18078264e-01 
 6.00000000e-01  2.79481194e-03  6.00000000e-01  3.20518806e-01 
 6.10000000e-01  2.87076953e-03  6.10000000e-01  3.22923047e-01 
 6.20000000e-01  2.94707513e-03  6.20000000e-01  3.25292487e-01 
 6.30000000e-01  3.02371455e-03  6.30000000e-01  3.27628545e-01 
 6.40000000e-01  3.10067439e-03  6.40000000e-01  3.29932561e-01 
 6.50000000e-01  3.17794196e-03  6.50000000e-01  3.32205804e-01 
 6.60000000e-01  3.25550525e-03  6.60000000e-01  3.34449475e-01 
 6.70000000e-01  3.33335291e-03  6.70000000e-01  3.36664709e-01 
 6.80000000e-01  3.41147413e-03  6.80000000e-01  3.38852587e-01 
 6.90000000e-01  3.48985871e-03  6.90000000e-01  3.41014129e-01 
 7.00000000e-01  3.56849694e-03  7.00000000e-01  3.43150306e-01 
 7.10000000e-01  3.64737961e-03  7.10000000e-01  3.45262039e-01 
 7.20000000e-01  3.72649796e-03  7.20000000e-01  3.47350204e-01 
 7.30000000e-01  3.80584368e-03  7.30000000e-01  3.49415632e-01 
 7.40000000e-01  3.88540883e-03  7.40000000e-01  3.51459117e-01 
 7.50000000e-01  3.96518590e-03  7.50000000e-01  3.53481410e-01 
 7.60000000e-01  4.04516768e-03  7.60000000e-01  3.55483232e-01 
 7.70000000e-01  4.12534736e-03  7.70000000e-01  3.57465264e-01 
 7.80000000e-01  4.20571839e-03  7.80000000e-01  3.59428161e-01 
 7.90000000e-01  4.28627456e-03  7.90000000e-01  3.61372544e-01 
 8.00000000e-01  4.36700991e-03  8.00000000e-01  3.63299009e-01 
 8.10000000e-01  4.44791878e-03  8.10000000e-01  3.65208122e-01 
 8.20000000e-01  4.52899574e-03  8.20000000e-01  3.67100426e-01 
 8.30000000e-01  4.61023560e-03  8.30000000e-01  3.68976440e-01 
 8.40000000e-01  4.69163339e-03  8.40000000e-01  3.70836661e-01 
 8.50000000e-01  4.77318436e-03  8.50000000e-01  3.72681564e-01 
 8.60000000e-01  4.85488397e-03  8.60000000e-01  3.74511603e-01 
 8.70000000e-01  4.93672785e-03  8.70000000e-01  3.76327215e-01 
 8.80000000e-01  5.01871182e-03  8.80000000e-01  3.78128818e-01 
 8.90000000e-01  5.10083187e-03  8.90000000e-01  3.79916813e-01 
 9.00000000e-01  5.18308416e-03  9.00000000e-01  3.81691584e-01 
 9.10000000e-01  5.26546499e-03  9.10000000e-01  3.83453501e-01 
 9.20000000e-01  5.34797081e-03  9.20000000e-01  3.85202919e-01 
 9.30000000e-01  5.43059821e-03  9.30000000e-01  3.86940179e-01 
 9.40000000e-01  5.51334391e-03  9.40000000e-01  3.88665609e-01 
 9.50000000e-01  5.59620478e-03  9.50000000e-01  3.90379522e-01 
 9.60000000e-01  5.67917776e-03  9.60000000e-01  3.92082224e-01 
 9.70000000e-01  5.76225994e-03  9.70000000e-01  3.93774006e-01 
 9.80000000e-01  5.84544852e-03  9.80000000e-01  3.95455148e-01 
 9.90000000e-01  5.92874077e-03  9.90000000e-01  3.97125923e-01 
 1.00000000e+00  6.01213410e-03  1.00000000e+00  3.98786590e-01 
 1.01000000e+00  6.09562599e-03  1.01000000e+00  4.00437401e-01 
 1.02000000e+00  6.17921400e-03  1.02000000e+00  4.02078600e-01 
 1.03000000e+00  6.26289580e-03  1.03000000e+00  4.03710420e-01 
 1.04000000e+00  6.34666913e-03  1.04000000e+00  4.05333087e-01 
 1.05000000e+00  6.43053181e-03  1.05000000e+00  4.06946819e-01 
 1.06000000e+00  6.51448173e-03  1.06000000e+00  4.08551827e-01 
 1.07000000e+00  6.59851684e-03  1.07000000e+00  4.10148316e-01 
 1.08000000e+00  6.68263520e-03  1.08000000e+00  4.11736480e-01 
 1.09000000e+00  6.76683488e-03  1.09000000e+00  4.13316512e-01 
 1.10000000e+00  6.85111405e-03  1.10000000e+00  4.14888595e-01 
 1.11000000e+00  6.93547093e-03  1.11000000e+00  4.16452907e-01 
 1.12000000e+00  7.01990380e-03  1.12000000e+00  4.18009620e-01 
 1.13000000e+00  7.10441098e-03  1.13000000e+00  4.19558902e-01 
 1.14000000e+00  7.18899087e-03  1.14000000e+00  4.21100913e-01 
 1.15000000e+00  7.27364189e-03  1.15000000e+00  4.22635811e-01 
 1.16000000e+00  7.35836253e-03  1.16000000e+00  4.24163747e-01 
 1.17000000e+00  7.44315132e-03  1.17000000e+00  4.25684868e-01 
 1.18000000e+00  7.52800683e-03  1.18000000e+00  4.27199317e-01 
 1.19000000e+00  7.61292768e-03  1.19000000e+00  4.28707232e-01 
 1.20000000e+00  7.69791254e-03  1.20000000e+00  4.30208746e-01 
 1.21000000e+00  7.78296009e-03  1.21000000e+00  4.31703991e-01 
 1.22000000e+00  7.86806907e-03  1.22000000e+00  4.33193093e-01 
 1.23000000e+00  7.95323826e-03  1.23000000e+00  4.34676174e-01 
 1.24000000e+00  8.03846648e-03  1.24000000e+00  4.36153352e-01 
 1.25000000e+00  8.12375255e-03  1.25000000e+00  4.37624745e-01 
 1.26000000e+00  8.20909535e-03  1.26000000e+00  4.39090465e-01 
 1.27000000e+00  8.29449380e-03  1.27000000e+00  4.40550620e-01 
 1.28000000e+00  8.37994683e-03  1.28000000e+00  4.42005317e-01 
 1.29000000e+00  8.46545341e-03  1.29000000e+00  4.43454659e-01 
 1.30000000e+00  8.55101254e-03  1.30000000e+00  4.44898746e-01 
 1.31000000e+00  8.63662323e-03  1.31000000e+00  4.46337677e-01 
 1.32000000e+00  8.72228453e-03  1.32000000e+00  4.47771547e-01 
 1.33000000e+00  8.80799553e-03  1.33000000e+00  4.49200447e-01 
 1.34000000e+00  8.89375531e-03  1.34000000e+00  4.50624469e-01 
 1.35000000e+00  8.97956301e-03  1.35000000e+00  4.52043699e-01 
 1.36000000e+00  9.06541776e-03  1.36000000e+00  4.53458224e-01 
 1.37000000e+00  9.15131874e-03  1.37000000e+00  4.54868126e-01 
 1.38000000e+00  9.23726514e-03  1.38000000e+00  4.56273486e-01 
 1.39000000e+00  9.32325616e-03  1.39000000e+00  4.57674384e-01 
 1.40000000e+00  9.40929103e-03  1.40000000e+00  4.59070897e-01 
 1.41000000e+00  9.49536901e-03  1.41000000e+00  4.60463099e-01 
 1.42000000e+00  9.58148935e-03  1.42000000e+00  4.61851065e-01 
 1.43000000e+00  9.66765136e-03  1.43000000e+00  4.63234864e-01 
 1.44000000e+00  9.75385433e-03  1.44000000e+00  4.64614567e-01 
 1.45000000e+00  9.84009757e-03  1.45000000e+00  4.65990243e-01 
 1.46000000e+00  9.92638044e-03  1.46000000e+00  4.67361956e-01 
 1.47000000e+00  1.00127023e-02  1.47000000e+00  4.68729773e-01 
 1.48000000e+00  1.00990624e-02  1.48000000e+00  4.70093755e-01 
 1.49000000e+00  1.01854603e-02  1.49000000e+00  4.71453965e-01 
 1.50000000e+00  1.02718954e-02  1.50000000e+00  4.72810464e-01 
 1.51000000e+00  1.03583669e-02  1.51000000e+00  4.74163309e-01 
 1.52000000e+00  1.04448744e-02  1.52000000e+00  4.75512559e-01 
 1.53000000e+00  1.05314173e-02  1.53000000e+00  4.76858269e-01 
 1.54000000e+00  1.06179951e-02  1.54000000e+00  4.78200495e-01 
 1.55000000e+00  1.07046071e-02  1.55000000e+00  4.79539290e-01 
 1.56000000e+00  1.07912529e-02  1.56000000e+00  4.80874706e-01 
 1.57000000e+00  1.08779320e-02  1.57000000e+00  4.82206795e-01 
 1.58000000e+00  1.09646439e-02  1.58000000e+00  4.83535607e-01 
 1.59000000e+00  1.10513881e-02  1.59000000e+00  4.84861191e-01 
 1.60000000e+00  1.11381640e-02  1.60000000e+00  4.86183595e-01 
 1.61000000e+00  1.12249713e-02  1.61000000e+00  4.87502866e-01 
 1.62000000e+00  1.13118095e-02  1.62000000e+00  4.88819050e-01 
 1.63000000e+00  1.13986781e-02  1.63000000e+00  4.90132191e-01 
 1.64000000e+00  1.14855767e-02  1.64000000e+00  4.91442334e-01 
 1.65000000e+00  1.15725048e-02  1.65000000e+00  4.92749521e-01 
 1.66000000e+00  1.16594620e-02  1.66000000e+00  4.94053796e-01 
 1.67000000e+00  1.17464480e-02  1.67000000e+00  4.95355198e-01 
 1.68000000e+00  1.18334623e-02  1.68000000e+00  4.96653769e-01 
 1.69000000e+00  1.19205045e-02  1.69000000e+00  4.97949548e-01 
 1.70000000e+00  1.20075743e-02  1.70000000e+00  4.99242574e-01 
 1.71000000e+00  1.20946712e-02  1.71000000e+00  5.00532884e-01 
 1.72000000e+00  1.21817948e-02  1.72000000e+00  5.01820516e-01 
 1.73000000e+00  1.22689449e-02  1.73000000e+00  5.03105507e-01 
 1.74000000e+00  1.23561211e-02  1.74000000e+00  5.04387892e-01 
 1.75000000e+00  1.24433229e-02  1.75000000e+00  5.05667706e-01 
 1.76000000e+00  1.25305502e-02  1.76000000e+00  5.06944984e-01 
 1.77000000e+00  1.26178024e-02  1.77000000e+00  5.08219759e-01 
 1.78000000e+00  1.27050794e-02  1.78000000e+00  5.09492064e-01 
 1.79000000e+00  1.27923807e-02  1.79000000e+00  5.10761931e-01 
 1.80000000e+00  1.28797061e-02  1.80000000e+00  5.12029393e-01 
 1.81000000e+00  1.29670552e-02  1.81000000e+00  5.13294480e-01 
 1.82000000e+00  1.30544278e-02  1.82000000e+00  5.14557224e-01 
 1.83000000e+00  1.31418235e-02  1.83000000e+00  5.15817653e-01 
 1.84000000e+00  1.32292420e-02  1.84000000e+00  5.17075797e-01 
 1.85000000e+00  1.33166831e-02  1.85000000e+00  5.18331686e-01 
 1.86000000e+00  1.34041465e-02  1.86000000e+00  5.19585348e-01 
 1.87000000e+00  1.34916319e-02  1.87000000e+00  5.20836809e-01 
 1.88000000e+00  1.35791390e-02  1.88000000e+00  5.22086098e-01 
 1.89000000e+00  1.36666676e-02  1.89000000e+00  5.23333242e-01 
 1.90000000e+00  1.37542173e-02  1.90000000e+00  5.24578267e-01 
 1.91000000e+00  1.38417880e-02  1.91000000e+00  5.25821198e-01 
 1.92000000e+00  1.39293794e-02  1.92000000e+00  5.27062061e-01 
 1.93000000e+00  1.40169912e-02  1.93000000e+00  5.28300881e-01 
 1.94000000e+00  1.41046232e-02  1.94000000e+00  5.29537682e-01 
 1.95000000e+00  1.41922751e-02  1.95000000e+00  5.30772489e-01 
 1.96000000e+00  1.42799468e-02  1.96000000e+00  5.32005325e-01 
 1.97000000e+00  1.43676379e-02  1.97000000e+00  5.33236213e-01 
 1.98000000e+00  1.44553482e-02  1.98000000e+00  5.34465176e-01 
 1.99000000e+00  1.45430776e-02  1.99000000e+00  5.35692236e-01 
 2.00000000e+00  1.46308258e-02  2.00000000e+00  5.36917417e-01 
