-2.00000000e+00 -1.08174285e-02 -2.00000000e+00 -9.18257153e-01 
-1.99000000e+00 -1.08084194e-02 -1.99000000e+00 -9.09158063e-01 
-1.98000000e+00 -1.07994103e-02 -1.98000000e+00 -9.00058974e-01 
-1.97000000e+00 -1.07904012e-02 -1.97000000e+00 -8.90959885e-01 
-1.96000000e+00 -1.07813920e-02 -1.96000000e+00 -8.81860796e-01 
-1.95000000e+00 -1.07723829e-02 -1.95000000e+00 -8.72761709e-01 
-1.94000000e+00 -1.07633738e-02 -1.94000000e+00 -8.63662621e-01 
-1.93000000e+00 -1.07543647e-02 -1.93000000e+00 -8.54563535e-01 
-1.92000000e+00 -1.07453555e-02 -1.92000000e+00 -8.45464449e-01 
-1.91000000e+00 -1.07363464e-02 -1.91000000e+00 -8.36365363e-01 
-1.90000000e+00 -1.07273372e-02 -1.90000000e+00 -8.27266278e-01 
-1.89000000e+00 -1.07183281e-02 -1.89000000e+00 -8.18167195e-01 
-1.88000000e+00 -1.07093189e-02 -1.88000000e+00 -8.09068111e-01 
-1.87000000e+00 -1.07003097e-02 -1.87000000e+00 -7.99969029e-01 
-1.86000000e+00 -1.06913005e-02 -1.86000000e+00 -7.90869947e-01 
-1.85000000e+00 -1.06822913e-02 -1.85000000e+00 -7.81770867e-01 
-1.84000000e+00 -1.06732821e-02 -1.84000000e+00 -7.72671787e-01 
-1.83000000e+00 -1.06642729e-02 -1.83000000e+00 -7.63572709e-01 
-1.82000000e+00 -1.06552637e-02 -1.82000000e+00 -7.54473632e-01 
-1.81000000e+00 -1.06462544e-02 -1.81000000e+00 -7.45374556e-01 
-1.80000000e+00 -1.06372452e-02 -1.80000000e+00 -7.36275481e-01 
-1.79000000e+00 -1.06282359e-02 -1.79000000e+00 -7.27176408e-01 
-1.78000000e+00 -1.06192266e-02 -1.78000000e+00 -7.18077336e-01 
-1.77000000e+00 -1.06102173e-02 -1.77000000e+00 -7.08978266e-01 
-1.76000000e+00 -1.06012080e-02 -1.76000000e+00 -6.99879198e-01 
-1.75000000e+00 -1.05921987e-02 -1.75000000e+00 -6.90780132e-01 
-1.74000000e+00 -1.05831893e-02 -1.74000000e+00 -6.81681067e-01 
-1.73000000e+00 -1.05741799e-02 -1.73000000e+00 -6.72582005e-01 
-1.72000000e+00 -1.05651705e-02 -1.72000000e+00 -6.63482946e-01 
-1.71000000e+00 -1.05561611e-02 -1.71000000e+00 -6.54383889e-01 
-1.70000000e+00 -1.05471516e-02 -1.70000000e+00 -6.45284835e-01 
-1.69000000e+00 -1.05381422e-02 -1.69000000e+00 -6.36185784e-01 
-1.68000000e+00 -1.05291326e-02 -1.68000000e+00 -6.27086737e-01 
-1.67000000e+00 -1.05201231e-02 -1.67000000e+00 -6.17987693e-01 
-1.66000000e+00 -1.05111135e-02 -1.66000000e+00 -6.08888653e-01 
-1.65000000e+00 -1.05021038e-02 -1.65000000e+00 -5.99789617e-01 
-1.64000000e+00 -1.04930941e-02 -1.64000000e+00 -5.90690587e-01 
-1.63000000e+00 -1.04840844e-02 -1.63000000e+00 -5.81591561e-01 
-1.62000000e+00 -1.04750746e-02 -1.62000000e+00 -5.72492542e-01 
-1.61000000e+00 -1.04660647e-02 -1.61000000e+00 -5.63393528e-01 
-1.60000000e+00 -1.04570548e-02 -1.60000000e+00 -5.54294522e-01 
-1.59000000e+00 -1.04480448e-02 -1.59000000e+00 -5.45195524e-01 
-1.58000000e+00 -1.04390347e-02 -1.58000000e+00 -5.36096534e-01 
-1.57000000e+00 -1.04300245e-02 -1.57000000e+00 -5.26997553e-01 
-1.56000000e+00 -1.04210142e-02 -1.56000000e+00 -5.17898583e-01 
-1.55000000e+00 -1.04120037e-02 -1.55000000e+00 -5.08799625e-01 
-1.54000000e+00 -1.04029932e-02 -1.54000000e+00 -4.99700680e-01 
-1.53000000e+00 -1.03939825e-02 -1.53000000e+00 -4.90601749e-01 
-1.52000000e+00 -1.03849716e-02 -1.52000000e+00 -4.81502835e-01 
-1.51000000e+00 -1.03759606e-02 -1.51000000e+00 -4.72403940e-01 
-1.50000000e+00 -1.03669493e-02 -1.50000000e+00 -4.63305065e-01 
-1.49000000e+00 -1.03579379e-02 -1.49000000e+00 -4.54206214e-01 
-1.48000000e+00 -1.03489261e-02 -1.48000000e+00 -4.45107390e-01 
-1.47000000e+00 -1.03399140e-02 -1.47000000e+00 -4.36008596e-01 
-1.46000000e+00 -1.03309016e-02 -1.46000000e+00 -4.26909837e-01 
-1.45000000e+00 -1.03218888e-02 -1.45000000e+00 -4.17811117e-01 
-1.44000000e+00 -1.03128756e-02 -1.44000000e+00 -4.08712444e-01 
-1.43000000e+00 -1.03038618e-02 -1.43000000e+00 -3.99613824e-01 
-1.42000000e+00 -1.02948473e-02 -1.42000000e+00 -3.90515266e-01 
-1.41000000e+00 -1.02858322e-02 -1.41000000e+00 -3.81416779e-01 
-1.40000000e+00 -1.02768162e-02 -1.40000000e+00 -3.72318377e-01 
-1.39000000e+00 -1.02677993e-02 -1.39000000e+00 -3.63220074e-01 
-1.38000000e+00 -1.02587811e-02 -1.38000000e+00 -3.54121888e-01 
-1.37000000e+00 -1.02497616e-02 -1.37000000e+00 -3.45023843e-01 
-1.36000000e+00 -1.02407403e-02 -1.36000000e+00 -3.35925965e-01 
-1.35000000e+00 -1.02317171e-02 -1.35000000e+00 -3.26828290e-01 
-1.34000000e+00 -1.02226914e-02 -1.34000000e+00 -3.17730861e-01 
-1.33000000e+00 -1.02136627e-02 -1.33000000e+00 -3.08633734e-01 
-1.32000000e+00 -1.02046302e-02 -1.32000000e+00 -2.99536980e-01 
-1.31000000e+00 -1.01955931e-02 -1.31000000e+00 -2.90440692e-01 
-1.30000000e+00 -1.01865501e-02 -1.30000000e+00 -2.81344990e-01 
-1.29000000e+00 -1.01774996e-02 -1.29000000e+00 -2.72250036e-01 
-1.28000000e+00 -1.01684395e-02 -1.28000000e+00 -2.63156047e-01 
-1.27000000e+00 -1.01593681e-02 -1.27000000e+00 -2.54063191e-01 
-1.26000000e+00 -1.01502867e-02 -1.26000000e+00 -2.44971326e-01 
-1.25000000e+00 -1.01411925e-02 -1.25000000e+00 -2.35880750e-01 
-1.24000000e+00 -1.01320831e-02 -1.24000000e+00 -2.26791693e-01 
-1.23000000e+00 -1.01229558e-02 -1.23000000e+00 -2.17704423e-01 
-1.22000000e+00 -1.01138074e-02 -1.22000000e+00 -2.08619259e-01 
-1.21000000e+00 -1.01046343e-02 -1.21000000e+00 -1.99536573e-01 
-1.20000000e+00 -1.00954320e-02 -1.20000000e+00 -1.90456805e-01 
-1.19000000e+00 -1.00861953e-02 -1.19000000e+00 -1.81380469e-01 
-1.18000000e+00 -1.00769183e-02 -1.18000000e+00 -1.72308173e-01 
-1.17000000e+00 -1.00675937e-02 -1.17000000e+00 -1.63240627e-01 
-1.16000000e+00 -1.00582134e-02 -1.16000000e+00 -1.54178665e-01 
-1.15000000e+00 -1.00487674e-02 -1.15000000e+00 -1.45123265e-01 
-1.14000000e+00 -1.00392443e-02 -1.14000000e+00 -1.36075573e-01 
-1.13000000e+00 -1.00296307e-02 -1.13000000e+00 -1.27036928e-01 
-1.12000000e+00 -1.00199110e-02 -1.12000000e+00 -1.18008895e-01 
-1.11000000e+00 -1.00100670e-02 -1.11000000e+00 -1.08993300e-01 
-1.10000000e+00 -1.00000773e-02 -1.10000000e+00 -9.99922673e-02 
-1.09000000e+00 -9.98991734e-03 -1.09000000e+00 -9.10082663e-02 
-1.08000000e+00 -9.97955842e-03 -1.08000000e+00 -8.20441582e-02 
-1.07000000e+00 -9.96896751e-03 -1.07000000e+00 -7.31032490e-02 
-1.06000000e+00 -9.95810654e-03 -1.06000000e+00 -6.41893459e-02 
-1.05000000e+00 -9.94693184e-03 -1.05000000e+00 -5.53068156e-02 
-1.04000000e+00 -9.93539356e-03 -1.04000000e+00 -4.64606437e-02 
-1.03000000e+00 -9.92343508e-03 -1.03000000e+00 -3.76564916e-02 
-1.02000000e+00 -9.91099251e-03 -1.02000000e+00 -2.89007486e-02 
-1.01000000e+00 -9.89799427e-03 -1.01000000e+00 -2.02005734e-02 
-1.00000000e+00 -9.88436079e-03 -1.00000000e+00 -1.15639209e-02 
-9.90000000e-01 -9.87000453e-03 -9.90000000e-01 -2.99954678e-03 
-9.80000000e-01 -9.85483016e-03 -9.80000000e-01  5.48301635e-03 
-9.70000000e-01 -9.83873519e-03 -9.70000000e-01  1.38735188e-02 
-9.60000000e-01 -9.82161095e-03 -9.60000000e-01  2.21610953e-02 
-9.50000000e-01 -9.80334412e-03 -9.50000000e-01  3.03344122e-02 
-9.40000000e-01 -9.78381862e-03 -9.40000000e-01  3.83818623e-02 
-9.30000000e-01 -9.76291803e-03 -9.30000000e-01  4.62918034e-02 
-9.20000000e-01 -9.74052832e-03 -9.20000000e-01  5.40528322e-02 
-9.10000000e-01 -9.71654080e-03 -9.10000000e-01  6.16540804e-02 
-9.00000000e-01 -9.69085515e-03 -9.00000000e-01  6.90855155e-02 
-8.90000000e-01 -9.66338225e-03 -8.90000000e-01  7.63382247e-02 
-8.80000000e-01 -9.63404662e-03 -8.80000000e-01  8.34046617e-02 
-8.70000000e-01 -9.60278839e-03 -8.70000000e-01  9.02788388e-02 
-8.60000000e-01 -9.56956450e-03 -8.60000000e-01  9.69564500e-02 
-8.50000000e-01 -9.53434921e-03 -8.50000000e-01  1.03434921e-01 
-8.40000000e-01 -9.49713383e-03 -8.40000000e-01  1.09713383e-01 
-8.30000000e-01 -9.45792589e-03 -8.30000000e-01  1.15792589e-01 
-8.20000000e-01 -9.41674765e-03 -8.20000000e-01  1.21674765e-01 
-8.10000000e-01 -9.37363437e-03 -8.10000000e-01  1.27363437e-01 
-8.00000000e-01 -9.32863227e-03 -8.00000000e-01  1.32863227e-01 
-7.90000000e-01 -9.28179645e-03 -7.90000000e-01  1.38179645e-01 
-7.80000000e-01 -9.23318889e-03 -7.80000000e-01  1.43318889e-01 
-7.70000000e-01 -9.18287650e-03 -7.70000000e-01  1.48287650e-01 
-7.60000000e-01 -9.13092945e-03 -7.60000000e-01  1.53092945e-01 
-7.50000000e-01 -9.07741970e-03 -7.50000000e-01  1.57741970e-01 
-7.40000000e-01 -9.02241973e-03 -7.40000000e-01  1.62241973e-01 
-7.30000000e-01 -8.96600152e-03 -7.30000000e-01  1.66600152e-01 
-7.20000000e-01 -8.90823578e-03 -7.20000000e-01  1.70823578e-01 
-7.10000000e-01 -8.84919133e-03 -7.10000000e-01  1.74919133e-01 
-7.00000000e-01 -8.78893461e-03 -7.00000000e-01  1.78893461e-01 
-6.90000000e-01 -8.72752941e-03 -6.90000000e-01  1.82752941e-01 
-6.80000000e-01 -8.66503665e-03 -6.80000000e-01  1.86503665e-01 
-6.70000000e-01 -8.60151429e-03 -6.70000000e-01  1.90151429e-01 
-6.60000000e-01 -8.53701726e-03 -6.60000000e-01  1.93701726e-01 
-6.50000000e-01 -8.47159750e-03 -6.50000000e-01  1.97159750e-01 
-6.40000000e-01 -8.40530401e-03 -6.40000000e-01  2.00530401e-01 
-6.30000000e-01 -8.33818295e-03 -6.30000000e-01  2.03818295e-01 
-6.20000000e-01 -8.27027774e-03 -6.20000000e-01  2.07027774e-01 
-6.10000000e-01 -8.20162917e-03 -6.10000000e-01  2.10162917e-01 
-6.00000000e-01 -8.13227556e-03 -6.00000000e-01  2.13227556e-01 
-5.90000000e-01 -8.06225287e-03 -5.90000000e-01  2.16225287e-01 
-5.80000000e-01 -7.99159483e-03 -5.80000000e-01  2.19159483e-01 
-5.70000000e-01 -7.92033311e-03 -5.70000000e-01  2.22033311e-01 
-5.60000000e-01 -7.84849742e-03 -5.60000000e-01  2.24849742e-01 
-5.50000000e-01 -7.77611564e-03 -5.50000000e-01  2.27611564e-01 
-5.40000000e-01 -7.70321393e-03 -5.40000000e-01  2.30321393e-01 
-5.30000000e-01 -7.62981686e-03 -5.30000000e-01  2.32981686e-01 
-5.20000000e-01 -7.55594753e-03 -5.20000000e-01  2.35594753e-01 
-5.10000000e-01 -7.48162762e-03 -5.10000000e-01  2.38162762e-01 
-5.00000000e-01 -7.40687752e-03 -5.00000000e-01  2.40687752e-01 
-4.90000000e-01 -7.33171644e-03 -4.90000000e-01  2.43171644e-01 
-4.80000000e-01 -7.25616243e-03 -4.80000000e-01  2.45616243e-01 
-4.70000000e-01 -7.18023251e-03 -4.70000000e-01  2.48023251e-01 
-4.60000000e-01 -7.10394271e-03 -4.60000000e-01  2.50394271e-01 
-4.50000000e-01 -7.02730817e-03 -4.50000000e-01  2.52730817e-01 
-4.40000000e-01 -6.95034316e-03 -4.40000000e-01  2.55034316e-01 
-4.30000000e-01 -6.87306116e-03 -4.30000000e-01  2.57306116e-01 
-4.20000000e-01 -6.79547490e-03 -4.20000000e-01  2.59547490e-01 
-4.10000000e-01 -6.71759644e-03 -4.10000000e-01  2.61759644e-01 
-4.00000000e-01 -6.63943717e-03 -4.00000000e-01  2.63943717e-01 
-3.90000000e-01 -6.56100789e-03 -3.90000000e-01  2.66100789e-01 
-3.80000000e-01 -6.48231883e-03 -3.80000000e-01  2.68231883e-01 
-3.70000000e-01 -6.40337968e-03 -3.70000000e-01  2.70337968e-01 
-3.60000000e-01 -6.32419965e-03 -3.60000000e-01  2.72419965e-01 
-3.50000000e-01 -6.24478747e-03 -3.50000000e-01  2.74478747e-01 
-3.40000000e-01 -6.16515144e-03 -3.40000000e-01  2.76515144e-01 
-3.30000000e-01 -6.08529946e-03 -3.30000000e-01  2.78529946e-01 
-3.20000000e-01 -6.00523902e-03 -3.20000000e-01  2.80523902e-01 
-3.10000000e-01 -5.92497727e-03 -3.10000000e-01  2.82497727e-01 
-3.00000000e-01 -5.84452102e-03 -3.00000000e-01  2.84452102e-01 
-2.90000000e-01 -5.76387675e-03 -2.90000000e-01  2.86387675e-01 
-2.80000000e-01 -5.68305063e-03 -2.80000000e-01  2.88305063e-01 
-2.70000000e-01 -5.60204858e-03 -2.70000000e-01  2.90204858e-01 
-2.60000000e-01 -5.52087621e-03 -2.60000000e-01  2.92087621e-01 
-2.50000000e-01 -5.43953892e-03 -2.50000000e-01  2.93953892e-01 
-2.40000000e-01 -5.35804184e-03 -2.40000000e-01  2.95804184e-01 
-2.30000000e-01 -5.27638988e-03 -2.30000000e-01  2.97638988e-01 
-2.20000000e-01 -5.19458776e-03 -2.20000000e-01  2.99458776e-01 
-2.10000000e-01 -5.11263996e-03 -2.10000000e-01  3.01263996e-01 
-2.00000000e-01 -5.03055081e-03 -2.00000000e-01  3.03055081e-01 
-1.90000000e-01 -4.94832444e-03 -1.90000000e-01  3.04832444e-01 
-1.80000000e-01 -4.86596480e-03 -1.80000000e-01  3.06596480e-01 
-1.70000000e-01 -4.78347570e-03 -1.70000000e-01  3.08347570e-01 
-1.60000000e-01 -4.70086079e-03 -1.60000000e-01  3.10086079e-01 
-1.50000000e-01 -4.61812356e-03 -1.50000000e-01  3.11812356e-01 
-1.40000000e-01 -4.53526738e-03 -1.40000000e-01  3.13526738e-01 
-1.30000000e-01 -4.45229547e-03 -1.30000000e-01  3.15229547e-01 
-1.20000000e-01 -4.36921095e-03 -1.20000000e-01  3.16921095e-01 
-1.10000000e-01 -4.28601680e-03 -1.10000000e-01  3.18601680e-01 
-1.00000000e-01 -4.20271591e-03 -1.00000000e-01  3.20271591e-01 
-9.00000000e-02 -4.11931103e-03 -9.00000000e-02  3.21931103e-01 
-8.00000000e-02 -4.03580483e-03 -8.00000000e-02  3.23580483e-01 
-7.00000000e-02 -3.95219988e-03 -7.00000000e-02  3.25219988e-01 
-6.00000000e-02 -3.86849866e-03 -6.00000000e-02  3.26849866e-01 
-5.00000000e-02 -3.78470354e-03 -5.00000000e-02  3.28470354e-01 
-4.00000000e-02 -3.70081684e-03 -4.00000000e-02  3.30081684e-01 
-3.00000000e-02 -3.61684078e-03 -3.00000000e-02  3.31684078e-01 
-2.00000000e-02 -3.53277749e-03 -2.00000000e-02  3.33277749e-01 
-1.00000000e-02 -3.44862906e-03 -1.00000000e-02  3.34862906e-01 
 1.64104841e-15 -3.36439747e-03  1.64104841e-15  3.36439747e-01 
 1.00000000e-02 -3.28008466e-03  1.00000000e-02  3.38008466e-01 
 2.00000000e-02 -3.19569250e-03  2.00000000e-02  3.39569250e-01 
 3.00000000e-02 -3.11122280e-03  3.00000000e-02  3.41122280e-01 
 4.00000000e-02 -3.02667730e-03  4.00000000e-02  3.42667730e-01 
 5.00000000e-02 -2.94205769e-03  5.00000000e-02  3.44205769e-01 
 6.00000000e-02 -2.85736562e-03  6.00000000e-02  3.45736562e-01 
 7.00000000e-02 -2.77260265e-03  7.00000000e-02  3.47260265e-01 
 8.00000000e-02 -2.68777034e-03  8.00000000e-02  3.48777034e-01 
 9.00000000e-02 -2.60287015e-03  9.00000000e-02  3.50287015e-01 
 1.00000000e-01 -2.51790355e-03  1.00000000e-01  3.51790355e-01 
 1.10000000e-01 -2.43287191e-03  1.10000000e-01  3.53287191e-01 
 1.20000000e-01 -2.34777660e-03  1.20000000e-01  3.54777660e-01 
 1.30000000e-01 -2.26261894e-03  1.30000000e-01  3.56261894e-01 
 1.40000000e-01 -2.17740018e-03  1.40000000e-01  3.57740018e-01 
 1.50000000e-01 -2.09212157e-03  1.50000000e-01  3.59212157e-01 
 1.60000000e-01 -2.00678432e-03  1.60000000e-01  3.60678432e-01 
 1.70000000e-01 -1.92138958e-03  1.70000000e-01  3.62138958e-01 
 1.80000000e-01 -1.83593849e-03  1.80000000e-01  3.63593849e-01 
 1.90000000e-01 -1.75043215e-03  1.90000000e-01  3.65043215e-01 
 2.00000000e-01 -1.66487162e-03  2.00000000e-01  3.66487162e-01 
 2.10000000e-01 -1.57925795e-03  2.10000000e-01  3.67925795e-01 
 2.20000000e-01 -1.49359215e-03  2.20000000e-01  3.69359215e-01 
 2.30000000e-01 -1.40787520e-03  2.30000000e-01  3.70787520e-01 
 2.40000000e-01 -1.32210804e-03  2.40000000e-01  3.72210804e-01 
 2.50000000e-01 -1.23629163e-03  2.50000000e-01  3.73629163e-01 
 2.60000000e-01 -1.15042684e-03  2.60000000e-01  3.75042684e-01 
 2.70000000e-01 -1.06451458e-03  2.70000000e-01  3.76451458e-01 
 2.80000000e-01 -9.78555690e-04  2.80000000e-01  3.77855569e-01 
 2.90000000e-01 -8.92551009e-04  2.90000000e-01  3.79255101e-01 
 3.00000000e-01 -8.06501351e-04  3.00000000e-01  3.80650135e-01 
 3.10000000e-01 -7.20407506e-04  3.10000000e-01  3.82040751e-01 
 3.20000000e-01 -6.34270248e-04  3.20000000e-01  3.83427025e-01 
 3.30000000e-01 -5.48090327e-04  3.30000000e-01  3.84809033e-01 
 3.40000000e-01 -4.61868477e-04  3.40000000e-01  3.86186848e-01 
 3.50000000e-01 -3.75605412e-04  3.50000000e-01  3.87560541e-01 
 3.60000000e-01 -2.89301830e-04  3.60000000e-01  3.88930183e-01 
 3.70000000e-01 -2.02958410e-04  3.70000000e-01  3.90295841e-01 
 3.80000000e-01 -1.16575816e-04  3.80000000e-01  3.91657582e-01 
 3.90000000e-01 -3.01546953e-05  3.90000000e-01  3.93015470e-01 
 4.00000000e-01  5.63043215e-05  4.00000000e-01  3.94369568e-01 
 4.10000000e-01  1.42800617e-04  4.10000000e-01  3.95719938e-01 
 4.20000000e-01  2.29333590e-04  4.20000000e-01  3.97066641e-01 
 4.30000000e-01  3.15902653e-04  4.30000000e-01  3.98409735e-01 
 4.40000000e-01  4.02507231e-04  4.40000000e-01  3.99749277e-01 
 4.50000000e-01  4.89146765e-04  4.50000000e-01  4.01085324e-01 
 4.60000000e-01  5.75820705e-04  4.60000000e-01  4.02417929e-01 
 4.70000000e-01  6.62528518e-04  4.70000000e-01  4.03747148e-01 
 4.80000000e-01  7.49269680e-04  4.80000000e-01  4.05073032e-01 
 4.90000000e-01  8.36043679e-04  4.90000000e-01  4.06395632e-01 
 5.00000000e-01  9.22850017e-04  5.00000000e-01  4.07714998e-01 
 5.10000000e-01  1.00968820e-03  5.10000000e-01  4.09031180e-01 
 5.20000000e-01  1.09655776e-03  5.20000000e-01  4.10344224e-01 
 5.30000000e-01  1.18345822e-03  5.30000000e-01  4.11654178e-01 
 5.40000000e-01  1.27038913e-03  5.40000000e-01  4.12961087e-01 
 5.50000000e-01  1.35735004e-03  5.50000000e-01  4.14264996e-01 
 5.60000000e-01  1.44434051e-03  5.60000000e-01  4.15565949e-01 
 5.70000000e-01  1.53136012e-03  5.70000000e-01  4.16863988e-01 
 5.80000000e-01  1.61840843e-03  5.80000000e-01  4.18159157e-01 
 5.90000000e-01  1.70548506e-03  5.90000000e-01  4.19451494e-01 
 6.00000000e-01  1.79258958e-03  6.00000000e-01  4.20741042e-01 
 6.10000000e-01  1.87972161e-03  6.10000000e-01  4.22027839e-01 
 6.20000000e-01  1.96688077e-03  6.20000000e-01  4.23311923e-01 
 6.30000000e-01  2.05406667e-03  6.30000000e-01  4.24593333e-01 
 6.40000000e-01  2.14127894e-03  6.40000000e-01  4.25872106e-01 
 6.50000000e-01  2.22851723e-03  6.50000000e-01  4.27148277e-01 
 6.60000000e-01  2.31578118e-03  6.60000000e-01  4.28421882e-01 
 6.70000000e-01  2.40307044e-03  6.70000000e-01  4.29692956e-01 
 6.80000000e-01  2.49038466e-03  6.80000000e-01  4.30961534e-01 
 6.90000000e-01  2.57772353e-03  6.90000000e-01  4.32227647e-01 
 7.00000000e-01  2.66508670e-03  7.00000000e-01  4.33491330e-01 
 7.10000000e-01  2.75247385e-03  7.10000000e-01  4.34752615e-01 
 7.20000000e-01  2.83988468e-03  7.20000000e-01  4.36011532e-01 
 7.30000000e-01  2.92731887e-03  7.30000000e-01  4.37268113e-01 
 7.40000000e-01  3.01477612e-03  7.40000000e-01  4.38522388e-01 
 7.50000000e-01  3.10225613e-03  7.50000000e-01  4.39774387e-01 
 7.60000000e-01  3.18975861e-03  7.60000000e-01  4.41024139e-01 
 7.70000000e-01  3.27728328e-03  7.70000000e-01  4.42271672e-01 
 7.80000000e-01  3.36482984e-03  7.80000000e-01  4.43517016e-01 
 7.90000000e-01  3.45239804e-03  7.90000000e-01  4.44760196e-01 
 8.00000000e-01  3.53998759e-03  8.00000000e-01  4.46001241e-01 
 8.10000000e-01  3.62759823e-03  8.10000000e-01  4.47240177e-01 
 8.20000000e-01  3.71522971e-03  8.20000000e-01  4.48477029e-01 
 8.30000000e-01  3.80288176e-03  8.30000000e-01  4.49711824e-01 
 8.40000000e-01  3.89055413e-03  8.40000000e-01  4.50944587e-01 
 8.50000000e-01  3.97824658e-03  8.50000000e-01  4.52175342e-01 
 8.60000000e-01  4.06595886e-03  8.60000000e-01  4.53404114e-01 
 8.70000000e-01  4.15369074e-03  8.70000000e-01  4.54630926e-01 
 8.80000000e-01  4.24144198e-03  8.80000000e-01  4.55855802e-01 
 8.90000000e-01  4.32921235e-03  8.90000000e-01  4.57078765e-01 
 9.00000000e-01  4.41700163e-03  9.00000000e-01  4.58299837e-01 
 9.10000000e-01  4.50480959e-03  9.10000000e-01  4.59519041e-01 
 9.20000000e-01  4.59263602e-03  9.20000000e-01  4.60736398e-01 
 9.30000000e-01  4.68048071e-03  9.30000000e-01  4.61951929e-01 
 9.40000000e-01  4.76834343e-03  9.40000000e-01  4.63165657e-01 
 9.50000000e-01  4.85622399e-03  9.50000000e-01  4.64377601e-01 
 9.60000000e-01  4.94412218e-03  9.60000000e-01  4.65587782e-01 
 9.70000000e-01  5.03203780e-03  9.70000000e-01  4.66796220e-01 
 9.80000000e-01  5.11997065e-03  9.80000000e-01  4.68002935e-01 
 9.90000000e-01  5.20792054e-03  9.90000000e-01  4.69207946e-01 
 1.00000000e+00  5.29588729e-03  1.00000000e+00  4.70411271e-01 
 1.01000000e+00  5.38387069e-03  1.01000000e+00  4.71612931e-01 
 1.02000000e+00  5.47187058e-03  1.02000000e+00  4.72812942e-01 
 1.03000000e+00  5.55988676e-03  1.03000000e+00  4.74011324e-01 
 1.04000000e+00  5.64791906e-03  1.04000000e+00  4.75208094e-01 
 1.05000000e+00  5.73596731e-03  1.05000000e+00  4.76403269e-01 
 1.06000000e+00  5.82403132e-03  1.06000000e+00  4.77596868e-01 
 1.07000000e+00  5.91211094e-03  1.07000000e+00  4.78788906e-01 
 1.08000000e+00  6.00020599e-03  1.08000000e+00  4.79979401e-01 
 1.09000000e+00  6.08831632e-03  1.09000000e+00  4.81168368e-01 
 1.10000000e+00  6.17644175e-03  1.10000000e+00  4.82355825e-01 
 1.11000000e+00  6.26458213e-03  1.11000000e+00  4.83541787e-01 
 1.12000000e+00  6.35273730e-03  1.12000000e+00  4.84726270e-01 
 1.13000000e+00  6.44090711e-03  1.13000000e+00  4.85909289e-01 
 1.14000000e+00  6.52909140e-03  1.14000000e+00  4.87090860e-01 
 1.15000000e+00  6.61729003e-03  1.15000000e+00  4.88270997e-01 
 1.16000000e+00  6.70550285e-03  1.16000000e+00  4.89449715e-01 
 1.17000000e+00  6.79372971e-03  1.17000000e+00  4.90627029e-01 
 1.18000000e+00  6.88197047e-03  1.18000000e+00  4.91802953e-01 
 1.19000000e+00  6.97022500e-03  1.19000000e+00  4.92977500e-01 
 1.20000000e+00  7.05849314e-03  1.20000000e+00  4.94150686e-01 
 1.21000000e+00  7.14677476e-03  1.21000000e+00  4.95322524e-01 
 1.22000000e+00  7.23506974e-03  1.22000000e+00  4.96493026e-01 
 1.23000000e+00  7.32337793e-03  1.23000000e+00  4.97662207e-01 
 1.24000000e+00  7.41169920e-03  1.24000000e+00  4.98830080e-01 
 1.25000000e+00  7.50003343e-03  1.25000000e+00  4.99996657e-01 
 1.26000000e+00  7.58838050e-03  1.26000000e+00  5.01161950e-01 
 1.27000000e+00  7.67674026e-03  1.27000000e+00  5.02325974e-01 
 1.28000000e+00  7.76511261e-03  1.28000000e+00  5.03488739e-01 
 1.29000000e+00  7.85349742e-03  1.29000000e+00  5.04650258e-01 
 1.30000000e+00  7.94189457e-03  1.30000000e+00  5.05810543e-01 
 1.31000000e+00  8.03030394e-03  1.31000000e+00  5.06969606e-01 
 1.32000000e+00  8.11872541e-03  1.32000000e+00  5.08127459e-01 
 1.33000000e+00  8.20715888e-03  1.33000000e+00  5.09284112e-01 
 1.34000000e+00  8.29560422e-03  1.34000000e+00  5.10439578e-01 
 1.35000000e+00  8.38406133e-03  1.35000000e+00  5.11593867e-01 
 1.36000000e+00  8.47253009e-03  1.36000000e+00  5.12746991e-01 
 1.37000000e+00  8.56101040e-03  1.37000000e+00  5.13898960e-01 
 1.38000000e+00  8.64950215e-03  1.38000000e+00  5.15049785e-01 
 1.39000000e+00  8.73800524e-03  1.39000000e+00  5.16199476e-01 
 1.40000000e+00  8.82651955e-03  1.40000000e+00  5.17348045e-01 
 1.41000000e+00  8.91504500e-03  1.41000000e+00  5.18495500e-01 
 1.42000000e+00  9.00358147e-03  1.42000000e+00  5.19641853e-01 
 1.43000000e+00  9.09212886e-03  1.43000000e+00  5.20787114e-01 
 1.44000000e+00  9.18068709e-03  1.44000000e+00  5.21931291e-01 
 1.45000000e+00  9.26925604e-03  1.45000000e+00  5.23074396e-01 
 1.46000000e+00  9.35783563e-03  1.46000000e+00  5.24216437e-01 
 1.47000000e+00  9.44642575e-03  1.47000000e+00  5.25357425e-01 
 1.48000000e+00  9.53502633e-03  1.48000000e+00  5.26497367e-01 
 1.49000000e+00  9.62363725e-03  1.49000000e+00  5.27636275e-01 
 1.50000000e+00  9.71225844e-03  1.50000000e+00  5.28774156e-01 
 1.51000000e+00  9.80088980e-03  1.51000000e+00  5.29911020e-01 
 1.52000000e+00  9.88953125e-03  1.52000000e+00  5.31046875e-01 
 1.53000000e+00  9.97818269e-03  1.53000000e+00  5.32181731e-01 
 1.54000000e+00  1.00668440e-02  1.54000000e+00  5.33315596e-01 
 1.55000000e+00  1.01555152e-02  1.55000000e+00  5.34448478e-01 
 1.56000000e+00  1.02441961e-02  1.56000000e+00  5.35580387e-01 
 1.57000000e+00  1.03328867e-02  1.57000000e+00  5.36711330e-01 
 1.58000000e+00  1.04215869e-02  1.58000000e+00  5.37841315e-01 
 1.59000000e+00  1.05102965e-02  1.59000000e+00  5.38970351e-01 
 1.60000000e+00  1.05990155e-02  1.60000000e+00  5.40098445e-01 
 1.61000000e+00  1.06877439e-02  1.61000000e+00  5.41225606e-01 
 1.62000000e+00  1.07764816e-02  1.62000000e+00  5.42351842e-01 
 1.63000000e+00  1.08652284e-02  1.63000000e+00  5.43477159e-01 
 1.64000000e+00  1.09539843e-02  1.64000000e+00  5.44601566e-01 
 1.65000000e+00  1.10427493e-02  1.65000000e+00  5.45725071e-01 
 1.66000000e+00  1.11315232e-02  1.66000000e+00  5.46847680e-01 
 1.67000000e+00  1.12203060e-02  1.67000000e+00  5.47969401e-01 
 1.68000000e+00  1.13090976e-02  1.68000000e+00  5.49090241e-01 
 1.69000000e+00  1.13978979e-02  1.69000000e+00  5.50210208e-01 
 1.70000000e+00  1.14867069e-02  1.70000000e+00  5.51329309e-01 
 1.71000000e+00  1.15755245e-02  1.71000000e+00  5.52447549e-01 
 1.72000000e+00  1.16643506e-02  1.72000000e+00  5.53564938e-01 
 1.73000000e+00  1.17531852e-02  1.73000000e+00  5.54681480e-01 
 1.74000000e+00  1.18420282e-02  1.74000000e+00  5.55797183e-01 
 1.75000000e+00  1.19308795e-02  1.75000000e+00  5.56912055e-01 
 1.76000000e+00  1.20197390e-02  1.76000000e+00  5.58026100e-01 
 1.77000000e+00  1.21086067e-02  1.77000000e+00  5.59139326e-01 
 1.78000000e+00  1.21974826e-02  1.78000000e+00  5.60251739e-01 
 1.79000000e+00  1.22863665e-02  1.79000000e+00  5.61363346e-01 
 1.80000000e+00  1.23752585e-02  1.80000000e+00  5.62474153e-01 
 1.81000000e+00  1.24641583e-02  1.81000000e+00  5.63584166e-01 
 1.82000000e+00  1.25530661e-02  1.82000000e+00  5.64693391e-01 
 1.83000000e+00  1.26419817e-02  1.83000000e+00  5.65801834e-01 
 1.84000000e+00  1.27309050e-02  1.84000000e+00  5.66909501e-01 
 1.85000000e+00  1.28198360e-02  1.85000000e+00  5.68016399e-01 
 1.86000000e+00  1.29087747e-02  1.86000000e+00  5.69122533e-01 
 1.87000000e+00  1.29977209e-02  1.87000000e+00  5.70227909e-01 
 1.88000000e+00  1.30866747e-02  1.88000000e+00  5.71332532e-01 
 1.89000000e+00  1.31756359e-02  1.89000000e+00  5.72436409e-01 
 1.90000000e+00  1.32646046e-02  1.90000000e+00  5.73539544e-01 
 1.91000000e+00  1.33535806e-02  1.91000000e+00  5.74641944e-01 
 1.92000000e+00  1.34425639e-02  1.92000000e+00  5.75743614e-01 
 1.93000000e+00  1.35315544e-02  1.93000000e+00  5.76844560e-01 
 1.94000000e+00  1.36205521e-02  1.94000000e+00  5.77944786e-01 
 1.95000000e+00  1.37095570e-02  1.95000000e+00  5.79044298e-01 
 1.96000000e+00  1.37985690e-02  1.96000000e+00  5.80143101e-01 
 1.97000000e+00  1.38875880e-02  1.97000000e+00  5.81241201e-01 
 1.98000000e+00  1.39766140e-02  1.98000000e+00  5.82338603e-01 
 1.99000000e+00  1.40656469e-02  1.99000000e+00  5.83435311e-01 
 2.00000000e+00  1.41546867e-02  2.00000000e+00  5.84531331e-01 
