-2.00000000e+00 -1.08140813e-02 -2.00000000e+00 -9.18591871e-01 
-1.99000000e+00 -1.08050722e-02 -1.99000000e+00 -9.09492776e-01 
-1.98000000e+00 -1.07960632e-02 -1.98000000e+00 -9.00393682e-01 
-1.97000000e+00 -1.07870541e-02 -1.97000000e+00 -8.91294587e-01 
-1.96000000e+00 -1.07780451e-02 -1.96000000e+00 -8.82195493e-01 
-1.95000000e+00 -1.07690360e-02 -1.95000000e+00 -8.73096399e-01 
-1.94000000e+00 -1.07600269e-02 -1.94000000e+00 -8.63997305e-01 
-1.93000000e+00 -1.07510179e-02 -1.93000000e+00 -8.54898211e-01 
-1.92000000e+00 -1.07420088e-02 -1.92000000e+00 -8.45799118e-01 
-1.91000000e+00 -1.07329997e-02 -1.91000000e+00 -8.36700025e-01 
-1.90000000e+00 -1.07239907e-02 -1.90000000e+00 -8.27600933e-01 
-1.89000000e+00 -1.07149816e-02 -1.89000000e+00 -8.18501840e-01 
-1.88000000e+00 -1.07059725e-02 -1.88000000e+00 -8.09402748e-01 
-1.87000000e+00 -1.06969634e-02 -1.87000000e+00 -8.00303657e-01 
-1.86000000e+00 -1.06879543e-02 -1.86000000e+00 -7.91204565e-01 
-1.85000000e+00 -1.06789453e-02 -1.85000000e+00 -7.82105475e-01 
-1.84000000e+00 -1.06699362e-02 -1.84000000e+00 -7.73006384e-01 
-1.83000000e+00 -1.06609271e-02 -1.83000000e+00 -7.63907295e-01 
-1.82000000e+00 -1.06519179e-02 -1.82000000e+00 -7.54808205e-01 
-1.81000000e+00 -1.06429088e-02 -1.81000000e+00 -7.45709117e-01 
-1.80000000e+00 -1.06338997e-02 -1.80000000e+00 -7.36610028e-01 
-1.79000000e+00 -1.06248906e-02 -1.79000000e+00 -7.27510941e-01 
-1.78000000e+00 -1.06158815e-02 -1.78000000e+00 -7.18411854e-01 
-1.77000000e+00 -1.06068723e-02 -1.77000000e+00 -7.09312768e-01 
-1.76000000e+00 -1.05978632e-02 -1.76000000e+00 -7.00213683e-01 
-1.75000000e+00 -1.05888540e-02 -1.75000000e+00 -6.91114598e-01 
-1.74000000e+00 -1.05798449e-02 -1.74000000e+00 -6.82015515e-01 
-1.73000000e+00 -1.05708357e-02 -1.73000000e+00 -6.72916432e-01 
-1.72000000e+00 -1.05618265e-02 -1.72000000e+00 -6.63817351e-01 
-1.71000000e+00 -1.05528173e-02 -1.71000000e+00 -6.54718271e-01 
-1.70000000e+00 -1.05438081e-02 -1.70000000e+00 -6.45619192e-01 
-1.69000000e+00 -1.05347989e-02 -1.69000000e+00 -6.36520114e-01 
-1.68000000e+00 -1.05257896e-02 -1.68000000e+00 -6.27421038e-01 
-1.67000000e+00 -1.05167804e-02 -1.67000000e+00 -6.18321964e-01 
-1.66000000e+00 -1.05077711e-02 -1.66000000e+00 -6.09222891e-01 
-1.65000000e+00 -1.04987618e-02 -1.65000000e+00 -6.00123821e-01 
-1.64000000e+00 -1.04897525e-02 -1.64000000e+00 -5.91024752e-01 
-1.63000000e+00 -1.04807431e-02 -1.63000000e+00 -5.81925686e-01 
-1.62000000e+00 -1.04717338e-02 -1.62000000e+00 -5.72826623e-01 
-1.61000000e+00 -1.04627244e-02 -1.61000000e+00 -5.63727562e-01 
-1.60000000e+00 -1.04537150e-02 -1.60000000e+00 -5.54628504e-01 
-1.59000000e+00 -1.04447055e-02 -1.59000000e+00 -5.45529450e-01 
-1.58000000e+00 -1.04356960e-02 -1.58000000e+00 -5.36430400e-01 
-1.57000000e+00 -1.04266865e-02 -1.57000000e+00 -5.27331354e-01 
-1.56000000e+00 -1.04176769e-02 -1.56000000e+00 -5.18232313e-01 
-1.55000000e+00 -1.04086672e-02 -1.55000000e+00 -5.09133277e-01 
-1.54000000e+00 -1.03996575e-02 -1.54000000e+00 -5.00034247e-01 
-1.53000000e+00 -1.03906478e-02 -1.53000000e+00 -4.90935223e-01 
-1.52000000e+00 -1.03816379e-02 -1.52000000e+00 -4.81836207e-01 
-1.51000000e+00 -1.03726280e-02 -1.51000000e+00 -4.72737198e-01 
-1.50000000e+00 -1.03636180e-02 -1.50000000e+00 -4.63638200e-01 
-1.49000000e+00 -1.03546079e-02 -1.49000000e+00 -4.54539212e-01 
-1.48000000e+00 -1.03455976e-02 -1.48000000e+00 -4.45440235e-01 
-1.47000000e+00 -1.03365873e-02 -1.47000000e+00 -4.36341273e-01 
-1.46000000e+00 -1.03275767e-02 -1.46000000e+00 -4.27242326e-01 
-1.45000000e+00 -1.03185660e-02 -1.45000000e+00 -4.18143396e-01 
-1.44000000e+00 -1.03095551e-02 -1.44000000e+00 -4.09044488e-01 
-1.43000000e+00 -1.03005440e-02 -1.43000000e+00 -3.99945603e-01 
-1.42000000e+00 -1.02915325e-02 -1.42000000e+00 -3.90846745e-01 
-1.41000000e+00 -1.02825208e-02 -1.41000000e+00 -3.81747920e-01 
-1.40000000e+00 -1.02735087e-02 -1.40000000e+00 -3.72649132e-01 
-1.39000000e+00 -1.02644961e-02 -1.39000000e+00 -3.63550388e-01 
-1.38000000e+00 -1.02554830e-02 -1.38000000e+00 -3.54451697e-01 
-1.37000000e+00 -1.02464693e-02 -1.37000000e+00 -3.45353068e-01 
-1.36000000e+00 -1.02374549e-02 -1.36000000e+00 -3.36254514e-01 
-1.35000000e+00 -1.02284395e-02 -1.35000000e+00 -3.27156051e-01 
-1.34000000e+00 -1.02194230e-02 -1.34000000e+00 -3.18057697e-01 
-1.33000000e+00 -1.02104052e-02 -1.33000000e+00 -3.08959477e-01 
-1.32000000e+00 -1.02013858e-02 -1.32000000e+00 -2.99861424e-01 
-1.31000000e+00 -1.01923642e-02 -1.31000000e+00 -2.90763578e-01 
-1.30000000e+00 -1.01833401e-02 -1.30000000e+00 -2.81665993e-01 
-1.29000000e+00 -1.01743126e-02 -1.29000000e+00 -2.72568741e-01 
-1.28000000e+00 -1.01652808e-02 -1.28000000e+00 -2.63471919e-01 
-1.27000000e+00 -1.01562434e-02 -1.27000000e+00 -2.54375657e-01 
-1.26000000e+00 -1.01472005e-02 -1.26000000e+00 -2.45279951e-01 
-1.25000000e+00 -1.01381517e-02 -1.25000000e+00 -2.36184831e-01 
-1.24000000e+00 -1.01290955e-02 -1.24000000e+00 -2.27090446e-01 
-1.23000000e+00 -1.01200307e-02 -1.23000000e+00 -2.17996932e-01 
-1.22000000e+00 -1.01109555e-02 -1.22000000e+00 -2.08904448e-01 
-1.21000000e+00 -1.01018682e-02 -1.21000000e+00 -1.99813185e-01 
-1.20000000e+00 -1.00927663e-02 -1.20000000e+00 -1.90723367e-01 
-1.19000000e+00 -1.00836474e-02 -1.19000000e+00 -1.81635261e-01 
-1.18000000e+00 -1.00745082e-02 -1.18000000e+00 -1.72549181e-01 
-1.17000000e+00 -1.00653450e-02 -1.17000000e+00 -1.63465498e-01 
-1.16000000e+00 -1.00561535e-02 -1.16000000e+00 -1.54384654e-01 
-1.15000000e+00 -1.00469283e-02 -1.15000000e+00 -1.45307166e-01 
-1.14000000e+00 -1.00376635e-02 -1.14000000e+00 -1.36233650e-01 
-1.13000000e+00 -1.00283517e-02 -1.13000000e+00 -1.27164829e-01 
-1.12000000e+00 -1.00189844e-02 -1.12000000e+00 -1.18101557e-01 
-1.11000000e+00 -1.00095516e-02 -1.11000000e+00 -1.09044842e-01 
-1.10000000e+00 -1.00000413e-02 -1.10000000e+00 -9.99958688e-02 
-1.09000000e+00 -9.99043969e-03 -1.09000000e+00 -9.09560313e-02 
-1.08000000e+00 -9.98073033e-03 -1.08000000e+00 -8.19269666e-02 
-1.07000000e+00 -9.97089406e-03 -1.07000000e+00 -7.29105939e-02 
-1.06000000e+00 -9.96090841e-03 -1.06000000e+00 -6.39091591e-02 
-1.05000000e+00 -9.95074715e-03 -1.05000000e+00 -5.49252847e-02 
-1.04000000e+00 -9.94037976e-03 -1.04000000e+00 -4.59620240e-02 
-1.03000000e+00 -9.92977078e-03 -1.03000000e+00 -3.70229220e-02 
-1.02000000e+00 -9.91887922e-03 -1.02000000e+00 -2.81120783e-02 
-1.01000000e+00 -9.90765785e-03 -1.01000000e+00 -1.92342148e-02 
-1.00000000e+00 -9.89605258e-03 -1.00000000e+00 -1.03947421e-02 
-9.90000000e-01 -9.88400176e-03 -9.90000000e-01 -1.59982438e-03 
-9.80000000e-01 -9.87143564e-03 -9.80000000e-01  7.14356353e-03 
-9.70000000e-01 -9.85827591e-03 -9.70000000e-01  1.58275913e-02 
-9.60000000e-01 -9.84443548e-03 -9.60000000e-01  2.44435484e-02 
-9.50000000e-01 -9.82981846e-03 -9.50000000e-01  3.29818461e-02 
-9.40000000e-01 -9.81432057e-03 -9.40000000e-01  4.14320566e-02 
-9.30000000e-01 -9.79782996e-03 -9.30000000e-01  4.97829957e-02 
-9.20000000e-01 -9.78022857e-03 -9.20000000e-01  5.80228568e-02 
-9.10000000e-01 -9.76139400e-03 -9.10000000e-01  6.61394001e-02 
-9.00000000e-01 -9.74120196e-03 -9.00000000e-01  7.41201958e-02 
-8.90000000e-01 -9.71952916e-03 -8.90000000e-01  8.19529159e-02 
-8.80000000e-01 -9.69625660e-03 -8.80000000e-01  8.96256601e-02 
-8.70000000e-01 -9.67127299e-03 -8.70000000e-01  9.71272986e-02 
-8.60000000e-01 -9.64447806e-03 -8.60000000e-01  1.04447806e-01 
-8.50000000e-01 -9.61578562e-03 -8.50000000e-01  1.11578562e-01 
-8.40000000e-01 -9.58512596e-03 -8.40000000e-01  1.18512596e-01 
-8.30000000e-01 -9.55244753e-03 -8.30000000e-01  1.25244753e-01 
-8.20000000e-01 -9.51771779e-03 -8.20000000e-01  1.31771779e-01 
-8.10000000e-01 -9.48092314e-03 -8.10000000e-01  1.38092314e-01 
-8.00000000e-01 -9.44206810e-03 -8.00000000e-01  1.44206810e-01 
-7.90000000e-01 -9.40117376e-03 -7.90000000e-01  1.50117376e-01 
-7.80000000e-01 -9.35827587e-03 -7.80000000e-01  1.55827587e-01 
-7.70000000e-01 -9.31342253e-03 -7.70000000e-01  1.61342253e-01 
-7.60000000e-01 -9.26667185e-03 -7.60000000e-01  1.66667185e-01 
-7.50000000e-01 -9.21808963e-03 -7.50000000e-01  1.71808963e-01 
-7.40000000e-01 -9.16774718e-03 -7.40000000e-01  1.76774718e-01 
-7.30000000e-01 -9.11571940e-03 -7.30000000e-01  1.81571940e-01 
-7.20000000e-01 -9.06208305e-03 -7.20000000e-01  1.86208305e-01 
-7.10000000e-01 -9.00691543e-03 -7.10000000e-01  1.90691543e-01 
-7.00000000e-01 -8.95029319e-03 -7.00000000e-01  1.95029319e-01 
-6.90000000e-01 -8.89229145e-03 -6.90000000e-01  1.99229145e-01 
-6.80000000e-01 -8.83298314e-03 -6.80000000e-01  2.03298314e-01 
-6.70000000e-01 -8.77243855e-03 -6.70000000e-01  2.07243855e-01 
-6.60000000e-01 -8.71072494e-03 -6.60000000e-01  2.11072494e-01 
-6.50000000e-01 -8.64790639e-03 -6.50000000e-01  2.14790639e-01 
-6.40000000e-01 -8.58404369e-03 -6.40000000e-01  2.18404369e-01 
-6.30000000e-01 -8.51919429e-03 -6.30000000e-01  2.21919429e-01 
-6.20000000e-01 -8.45341239e-03 -6.20000000e-01  2.25341239e-01 
-6.10000000e-01 -8.38674897e-03 -6.10000000e-01  2.28674897e-01 
-6.00000000e-01 -8.31925193e-03 -6.00000000e-01  2.31925193e-01 
-5.90000000e-01 -8.25096622e-03 -5.90000000e-01  2.35096622e-01 
-5.80000000e-01 -8.18193398e-03 -5.80000000e-01  2.38193398e-01 
-5.70000000e-01 -8.11219467e-03 -5.70000000e-01  2.41219467e-01 
-5.60000000e-01 -8.04178526e-03 -5.60000000e-01  2.44178526e-01 
-5.50000000e-01 -7.97074037e-03 -5.50000000e-01  2.47074037e-01 
-5.40000000e-01 -7.89909242e-03 -5.40000000e-01  2.49909242e-01 
-5.30000000e-01 -7.82687174e-03 -5.30000000e-01  2.52687174e-01 
-5.20000000e-01 -7.75410678e-03 -5.20000000e-01  2.55410678e-01 
-5.10000000e-01 -7.68082416e-03 -5.10000000e-01  2.58082416e-01 
-5.00000000e-01 -7.60704885e-03 -5.00000000e-01  2.60704885e-01 
-4.90000000e-01 -7.53280428e-03 -4.90000000e-01  2.63280428e-01 
-4.80000000e-01 -7.45811240e-03 -4.80000000e-01  2.65811240e-01 
-4.70000000e-01 -7.38299386e-03 -4.70000000e-01  2.68299386e-01 
-4.60000000e-01 -7.30746802e-03 -4.60000000e-01  2.70746802e-01 
-4.50000000e-01 -7.23155310e-03 -4.50000000e-01  2.73155310e-01 
-4.40000000e-01 -7.15526625e-03 -4.40000000e-01  2.75526625e-01 
-4.30000000e-01 -7.07862358e-03 -4.30000000e-01  2.77862358e-01 
-4.20000000e-01 -7.00164031e-03 -4.20000000e-01  2.80164031e-01 
-4.10000000e-01 -6.92433074e-03 -4.10000000e-01  2.82433074e-01 
-4.00000000e-01 -6.84670839e-03 -4.00000000e-01  2.84670839e-01 
-3.90000000e-01 -6.76878601e-03 -3.90000000e-01  2.86878601e-01 
-3.80000000e-01 -6.69057566e-03 -3.80000000e-01  2.89057566e-01 
-3.70000000e-01 -6.61208872e-03 -3.70000000e-01  2.91208872e-01 
-3.60000000e-01 -6.53333598e-03 -3.60000000e-01  2.93333598e-01 
-3.50000000e-01 -6.45432762e-03 -3.50000000e-01  2.95432762e-01 
-3.40000000e-01 -6.37507332e-03 -3.40000000e-01  2.97507332e-01 
-3.30000000e-01 -6.29558224e-03 -3.30000000e-01  2.99558224e-01 
-3.20000000e-01 -6.21586307e-03 -3.20000000e-01  3.01586307e-01 
-3.10000000e-01 -6.13592406e-03 -3.10000000e-01  3.03592406e-01 
-3.00000000e-01 -6.05577304e-03 -3.00000000e-01  3.05577304e-01 
-2.90000000e-01 -5.97541747e-03 -2.90000000e-01  3.07541747e-01 
-2.80000000e-01 -5.89486444e-03 -2.80000000e-01  3.09486444e-01 
-2.70000000e-01 -5.81412069e-03 -2.70000000e-01  3.11412069e-01 
-2.60000000e-01 -5.73319264e-03 -2.60000000e-01  3.13319264e-01 
-2.50000000e-01 -5.65208641e-03 -2.50000000e-01  3.15208641e-01 
-2.40000000e-01 -5.57080785e-03 -2.40000000e-01  3.17080785e-01 
-2.30000000e-01 -5.48936251e-03 -2.30000000e-01  3.18936251e-01 
-2.20000000e-01 -5.40775573e-03 -2.20000000e-01  3.20775573e-01 
-2.10000000e-01 -5.32599257e-03 -2.10000000e-01  3.22599257e-01 
-2.00000000e-01 -5.24407790e-03 -2.00000000e-01  3.24407790e-01 
-1.90000000e-01 -5.16201635e-03 -1.90000000e-01  3.26201635e-01 
-1.80000000e-01 -5.07981236e-03 -1.80000000e-01  3.27981236e-01 
-1.70000000e-01 -4.99747019e-03 -1.70000000e-01  3.29747019e-01 
-1.60000000e-01 -4.91499391e-03 -1.60000000e-01  3.31499391e-01 
-1.50000000e-01 -4.83238742e-03 -1.50000000e-01  3.33238742e-01 
-1.40000000e-01 -4.74965446e-03 -1.40000000e-01  3.34965446e-01 
-1.30000000e-01 -4.66679863e-03 -1.30000000e-01  3.36679863e-01 
-1.20000000e-01 -4.58382337e-03 -1.20000000e-01  3.38382337e-01 
-1.10000000e-01 -4.50073198e-03 -1.10000000e-01  3.40073198e-01 
-1.00000000e-01 -4.41752765e-03 -1.00000000e-01  3.41752765e-01 
-9.00000000e-02 -4.33421342e-03 -9.00000000e-02  3.43421342e-01 
-8.00000000e-02 -4.25079224e-03 -8.00000000e-02  3.45079224e-01 
-7.00000000e-02 -4.16726692e-03 -7.00000000e-02  3.46726692e-01 
-6.00000000e-02 -4.08364019e-03 -6.00000000e-02  3.48364019e-01 
-5.00000000e-02 -3.99991466e-03 -5.00000000e-02  3.49991466e-01 
-4.00000000e-02 -3.91609286e-03 -4.00000000e-02  3.51609286e-01 
-3.00000000e-02 -3.83217721e-03 -3.00000000e-02  3.53217721e-01 
-2.00000000e-02 -3.74817004e-03 -2.00000000e-02  3.54817004e-01 
-1.00000000e-02 -3.66407363e-03 -1.00000000e-02  3.56407363e-01 
 1.64104841e-15 -3.57989014e-03  1.64104841e-15  3.57989014e-01 
 1.00000000e-02 -3.49562169e-03  1.00000000e-02  3.59562169e-01 
 2.00000000e-02 -3.41127028e-03  2.00000000e-02  3.61127028e-01 
 3.00000000e-02 -3.32683789e-03  3.00000000e-02  3.62683789e-01 
 4.00000000e-02 -3.24232641e-03  4.00000000e-02  3.64232641e-01 
 5.00000000e-02 -3.15773767e-03  5.00000000e-02  3.65773767e-01 
 6.00000000e-02 -3.07307343e-03  6.00000000e-02  3.67307343e-01 
 7.00000000e-02 -2.98833540e-03  7.00000000e-02  3.68833540e-01 
 8.00000000e-02 -2.90352525e-03  8.00000000e-02  3.70352525e-01 
 9.00000000e-02 -2.81864456e-03  9.00000000e-02  3.71864456e-01 
 1.00000000e-01 -2.73369489e-03  1.00000000e-01  3.73369489e-01 
 1.10000000e-01 -2.64867774e-03  1.10000000e-01  3.74867774e-01 
 1.20000000e-01 -2.56359456e-03  1.20000000e-01  3.76359456e-01 
 1.30000000e-01 -2.47844677e-03  1.30000000e-01  3.77844677e-01 
 1.40000000e-01 -2.39323572e-03  1.40000000e-01  3.79323572e-01 
 1.50000000e-01 -2.30796274e-03  1.50000000e-01  3.80796274e-01 
 1.60000000e-01 -2.22262911e-03  1.60000000e-01  3.82262911e-01 
 1.70000000e-01 -2.13723608e-03  1.70000000e-01  3.83723608e-01 
 1.80000000e-01 -2.05178485e-03  1.80000000e-01  3.85178485e-01 
 1.90000000e-01 -1.96627660e-03  1.90000000e-01  3.86627660e-01 
 2.00000000e-01 -1.88071247e-03  2.00000000e-01  3.88071247e-01 
 2.10000000e-01 -1.79509355e-03  2.10000000e-01  3.89509355e-01 
 2.20000000e-01 -1.70942093e-03  2.20000000e-01  3.90942093e-01 
 2.30000000e-01 -1.62369565e-03  2.30000000e-01  3.92369565e-01 
 2.40000000e-01 -1.53791872e-03  2.40000000e-01  3.93791872e-01 
 2.50000000e-01 -1.45209112e-03  2.50000000e-01  3.95209112e-01 
 2.60000000e-01 -1.36621382e-03  2.60000000e-01  3.96621382e-01 
 2.70000000e-01 -1.28028774e-03  2.70000000e-01  3.98028774e-01 
 2.80000000e-01 -1.19431380e-03  2.80000000e-01  3.99431380e-01 
 2.90000000e-01 -1.10829287e-03  2.90000000e-01  4.00829287e-01 
 3.00000000e-01 -1.02222581e-03  3.00000000e-01  4.02222581e-01 
 3.10000000e-01 -9.36113464e-04  3.10000000e-01  4.03611346e-01 
 3.20000000e-01 -8.49956638e-04  3.20000000e-01  4.04995664e-01 
 3.30000000e-01 -7.63756125e-04  3.30000000e-01  4.06375613e-01 
 3.40000000e-01 -6.77512699e-04  3.40000000e-01  4.07751270e-01 
 3.50000000e-01 -5.91227110e-04  3.50000000e-01  4.09122711e-01 
 3.60000000e-01 -5.04900093e-04  3.60000000e-01  4.10490009e-01 
 3.70000000e-01 -4.18532360e-04  3.70000000e-01  4.11853236e-01 
 3.80000000e-01 -3.32124608e-04  3.80000000e-01  4.13212461e-01 
 3.90000000e-01 -2.45677516e-04  3.90000000e-01  4.14567752e-01 
 4.00000000e-01 -1.59191747e-04  4.00000000e-01  4.15919175e-01 
 4.10000000e-01 -7.26679460e-05  4.10000000e-01  4.17266795e-01 
 4.20000000e-01  1.39116969e-05  4.20000000e-01  4.18608830e-01 
 4.30000000e-01  1.00491090e-04  4.30000000e-01  4.19950891e-01 
 4.40000000e-01  1.87125423e-04  4.40000000e-01  4.21287458e-01 
 4.50000000e-01  2.73795198e-04  4.50000000e-01  4.22620480e-01 
 4.60000000e-01  3.60500002e-04  4.60000000e-01  4.23950000e-01 
 4.70000000e-01  4.47239277e-04  4.70000000e-01  4.25276072e-01 
 4.80000000e-01  5.34012475e-04  4.80000000e-01  4.26598752e-01 
 4.90000000e-01  6.20819065e-04  4.90000000e-01  4.27918094e-01 
 5.00000000e-01  7.07658525e-04  5.00000000e-01  4.29234148e-01 
 5.10000000e-01  7.94530346e-04  5.10000000e-01  4.30546965e-01 
 5.20000000e-01  8.81434031e-04  5.20000000e-01  4.31856597e-01 
 5.30000000e-01  9.68369094e-04  5.30000000e-01  4.33163091e-01 
 5.40000000e-01  1.05533506e-03  5.40000000e-01  4.34466494e-01 
 5.50000000e-01  1.14233146e-03  5.50000000e-01  4.35766854e-01 
 5.60000000e-01  1.22935785e-03  5.60000000e-01  4.37064215e-01 
 5.70000000e-01  1.31641377e-03  5.70000000e-01  4.38358623e-01 
 5.80000000e-01  1.40349880e-03  5.80000000e-01  4.39650120e-01 
 5.90000000e-01  1.49061250e-03  5.90000000e-01  4.40938750e-01 
 6.00000000e-01  1.57775447e-03  6.00000000e-01  4.42224553e-01 
 6.10000000e-01  1.66492428e-03  6.10000000e-01  4.43507572e-01 
 6.20000000e-01  1.75212156e-03  6.20000000e-01  4.44787844e-01 
 6.30000000e-01  1.83934589e-03  6.30000000e-01  4.46065411e-01 
 6.40000000e-01  1.92659691e-03  6.40000000e-01  4.47340309e-01 
 6.50000000e-01  2.01387423e-03  6.50000000e-01  4.48612577e-01 
 6.60000000e-01  2.10117749e-03  6.60000000e-01  4.49882251e-01 
 6.70000000e-01  2.18850633e-03  6.70000000e-01  4.51149367e-01 
 6.80000000e-01  2.27586040e-03  6.80000000e-01  4.52413960e-01 
 6.90000000e-01  2.36323936e-03  6.90000000e-01  4.53676064e-01 
 7.00000000e-01  2.45064285e-03  7.00000000e-01  4.54935715e-01 
 7.10000000e-01  2.53807056e-03  7.10000000e-01  4.56192944e-01 
 7.20000000e-01  2.62552216e-03  7.20000000e-01  4.57447784e-01 
 7.30000000e-01  2.71299733e-03  7.30000000e-01  4.58700267e-01 
 7.40000000e-01  2.80049575e-03  7.40000000e-01  4.59950425e-01 
 7.50000000e-01  2.88801713e-03  7.50000000e-01  4.61198287e-01 
 7.60000000e-01  2.97556116e-03  7.60000000e-01  4.62443884e-01 
 7.70000000e-01  3.06312755e-03  7.70000000e-01  4.63687245e-01 
 7.80000000e-01  3.15071600e-03  7.80000000e-01  4.64928400e-01 
 7.90000000e-01  3.23832624e-03  7.90000000e-01  4.66167376e-01 
 8.00000000e-01  3.32595799e-03  8.00000000e-01  4.67404201e-01 
 8.10000000e-01  3.41361097e-03  8.10000000e-01  4.68638903e-01 
 8.20000000e-01  3.50128492e-03  8.20000000e-01  4.69871508e-01 
 8.30000000e-01  3.58897957e-03  8.30000000e-01  4.71102043e-01 
 8.40000000e-01  3.67669467e-03  8.40000000e-01  4.72330533e-01 
 8.50000000e-01  3.76442996e-03  8.50000000e-01  4.73557004e-01 
 8.60000000e-01  3.85218519e-03  8.60000000e-01  4.74781481e-01 
 8.70000000e-01  3.93996012e-03  8.70000000e-01  4.76003988e-01 
 8.80000000e-01  4.02775452e-03  8.80000000e-01  4.77224548e-01 
 8.90000000e-01  4.11556814e-03  8.90000000e-01  4.78443186e-01 
 9.00000000e-01  4.20340075e-03  9.00000000e-01  4.79659925e-01 
 9.10000000e-01  4.29125213e-03  9.10000000e-01  4.80874787e-01 
 9.20000000e-01  4.37912205e-03  9.20000000e-01  4.82087795e-01 
 9.30000000e-01  4.46701030e-03  9.30000000e-01  4.83298970e-01 
 9.40000000e-01  4.55491666e-03  9.40000000e-01  4.84508334e-01 
 9.50000000e-01  4.64284091e-03  9.50000000e-01  4.85715909e-01 
 9.60000000e-01  4.73078285e-03  9.60000000e-01  4.86921715e-01 
 9.70000000e-01  4.81874228e-03  9.70000000e-01  4.88125772e-01 
 9.80000000e-01  4.90671899e-03  9.80000000e-01  4.89328101e-01 
 9.90000000e-01  4.99471279e-03  9.90000000e-01  4.90528721e-01 
 1.00000000e+00  5.08272348e-03  1.00000000e+00  4.91727652e-01 
 1.01000000e+00  5.17075087e-03  1.01000000e+00  4.92924913e-01 
 1.02000000e+00  5.25879477e-03  1.02000000e+00  4.94120523e-01 
 1.03000000e+00  5.34685500e-03  1.03000000e+00  4.95314500e-01 
 1.04000000e+00  5.43493138e-03  1.04000000e+00  4.96506862e-01 
 1.05000000e+00  5.52302373e-03  1.05000000e+00  4.97697627e-01 
 1.06000000e+00  5.61113186e-03  1.06000000e+00  4.98886814e-01 
 1.07000000e+00  5.69925562e-03  1.07000000e+00  5.00074438e-01 
 1.08000000e+00  5.78739483e-03  1.08000000e+00  5.01260517e-01 
 1.09000000e+00  5.87554931e-03  1.09000000e+00  5.02445069e-01 
 1.10000000e+00  5.96371892e-03  1.10000000e+00  5.03628108e-01 
 1.11000000e+00  6.05190348e-03  1.11000000e+00  5.04809652e-01 
 1.12000000e+00  6.14010283e-03  1.12000000e+00  5.05989717e-01 
 1.13000000e+00  6.22831683e-03  1.13000000e+00  5.07168317e-01 
 1.14000000e+00  6.31654530e-03  1.14000000e+00  5.08345470e-01 
 1.15000000e+00  6.40478811e-03  1.15000000e+00  5.09521189e-01 
 1.16000000e+00  6.49304510e-03  1.16000000e+00  5.10695490e-01 
 1.17000000e+00  6.58131612e-03  1.17000000e+00  5.11868388e-01 
 1.18000000e+00  6.66960104e-03  1.18000000e+00  5.13039896e-01 
 1.19000000e+00  6.75789969e-03  1.19000000e+00  5.14210031e-01 
 1.20000000e+00  6.84621196e-03  1.20000000e+00  5.15378804e-01 
 1.21000000e+00  6.93453769e-03  1.21000000e+00  5.16546231e-01 
 1.22000000e+00  7.02287675e-03  1.22000000e+00  5.17712325e-01 
 1.23000000e+00  7.11122900e-03  1.23000000e+00  5.18877100e-01 
 1.24000000e+00  7.19959432e-03  1.24000000e+00  5.20040568e-01 
 1.25000000e+00  7.28797256e-03  1.25000000e+00  5.21202744e-01 
 1.26000000e+00  7.37636361e-03  1.26000000e+00  5.22363639e-01 
 1.27000000e+00  7.46476734e-03  1.27000000e+00  5.23523266e-01 
 1.28000000e+00  7.55318362e-03  1.28000000e+00  5.24681638e-01 
 1.29000000e+00  7.64161233e-03  1.29000000e+00  5.25838767e-01 
 1.30000000e+00  7.73005334e-03  1.30000000e+00  5.26994666e-01 
 1.31000000e+00  7.81850654e-03  1.31000000e+00  5.28149346e-01 
 1.32000000e+00  7.90697181e-03  1.32000000e+00  5.29302819e-01 
 1.33000000e+00  7.99544903e-03  1.33000000e+00  5.30455097e-01 
 1.34000000e+00  8.08393810e-03  1.34000000e+00  5.31606190e-01 
 1.35000000e+00  8.17243888e-03  1.35000000e+00  5.32756112e-01 
 1.36000000e+00  8.26095129e-03  1.36000000e+00  5.33904871e-01 
 1.37000000e+00  8.34947519e-03  1.37000000e+00  5.35052481e-01 
 1.38000000e+00  8.43801050e-03  1.38000000e+00  5.36198950e-01 
 1.39000000e+00  8.52655709e-03  1.39000000e+00  5.37344291e-01 
 1.40000000e+00  8.61511487e-03  1.40000000e+00  5.38488513e-01 
 1.41000000e+00  8.70368372e-03  1.41000000e+00  5.39631628e-01 
 1.42000000e+00  8.79226356e-03  1.42000000e+00  5.40773644e-01 
 1.43000000e+00  8.88085427e-03  1.43000000e+00  5.41914573e-01 
 1.44000000e+00  8.96945576e-03  1.44000000e+00  5.43054424e-01 
 1.45000000e+00  9.05806793e-03  1.45000000e+00  5.44193207e-01 
 1.46000000e+00  9.14669069e-03  1.46000000e+00  5.45330931e-01 
 1.47000000e+00  9.23532393e-03  1.47000000e+00  5.46467607e-01 
 1.48000000e+00  9.32396756e-03  1.48000000e+00  5.47603244e-01 
 1.49000000e+00  9.41262149e-03  1.49000000e+00  5.48737851e-01 
 1.50000000e+00  9.50128563e-03  1.50000000e+00  5.49871437e-01 
 1.51000000e+00  9.58995988e-03  1.51000000e+00  5.51004012e-01 
 1.52000000e+00  9.67864416e-03  1.52000000e+00  5.52135584e-01 
 1.53000000e+00  9.76733839e-03  1.53000000e+00  5.53266161e-01 
 1.54000000e+00  9.85604246e-03  1.54000000e+00  5.54395754e-01 
 1.55000000e+00  9.94475630e-03  1.55000000e+00  5.55524370e-01 
 1.56000000e+00  1.00334798e-02  1.56000000e+00  5.56652018e-01 
 1.57000000e+00  1.01222129e-02  1.57000000e+00  5.57778706e-01 
 1.58000000e+00  1.02109556e-02  1.58000000e+00  5.58904443e-01 
 1.59000000e+00  1.02997076e-02  1.59000000e+00  5.60029237e-01 
 1.60000000e+00  1.03884690e-02  1.60000000e+00  5.61153095e-01 
 1.61000000e+00  1.04772397e-02  1.61000000e+00  5.62276026e-01 
 1.62000000e+00  1.05660196e-02  1.62000000e+00  5.63398038e-01 
 1.63000000e+00  1.06548086e-02  1.63000000e+00  5.64519138e-01 
 1.64000000e+00  1.07436067e-02  1.64000000e+00  5.65639334e-01 
 1.65000000e+00  1.08324137e-02  1.65000000e+00  5.66758634e-01 
 1.66000000e+00  1.09212296e-02  1.66000000e+00  5.67877045e-01 
 1.67000000e+00  1.10100543e-02  1.67000000e+00  5.68994574e-01 
 1.68000000e+00  1.10988877e-02  1.68000000e+00  5.70111229e-01 
 1.69000000e+00  1.11877298e-02  1.69000000e+00  5.71227017e-01 
 1.70000000e+00  1.12765805e-02  1.70000000e+00  5.72341945e-01 
 1.71000000e+00  1.13654398e-02  1.71000000e+00  5.73456021e-01 
 1.72000000e+00  1.14543075e-02  1.72000000e+00  5.74569250e-01 
 1.73000000e+00  1.15431836e-02  1.73000000e+00  5.75681640e-01 
 1.74000000e+00  1.16320680e-02  1.74000000e+00  5.76793198e-01 
 1.75000000e+00  1.17209607e-02  1.75000000e+00  5.77903931e-01 
 1.76000000e+00  1.18098616e-02  1.76000000e+00  5.79013844e-01 
 1.77000000e+00  1.18987705e-02  1.77000000e+00  5.80122945e-01 
 1.78000000e+00  1.19876876e-02  1.78000000e+00  5.81231240e-01 
 1.79000000e+00  1.20766126e-02  1.79000000e+00  5.82338736e-01 
 1.80000000e+00  1.21655456e-02  1.80000000e+00  5.83445438e-01 
 1.81000000e+00  1.22544865e-02  1.81000000e+00  5.84551353e-01 
 1.82000000e+00  1.23434351e-02  1.82000000e+00  5.85656487e-01 
 1.83000000e+00  1.24323915e-02  1.83000000e+00  5.86760847e-01 
 1.84000000e+00  1.25213556e-02  1.84000000e+00  5.87864437e-01 
 1.85000000e+00  1.26103273e-02  1.85000000e+00  5.88967265e-01 
 1.86000000e+00  1.26993066e-02  1.86000000e+00  5.90069336e-01 
 1.87000000e+00  1.27882934e-02  1.87000000e+00  5.91170656e-01 
 1.88000000e+00  1.28772877e-02  1.88000000e+00  5.92271230e-01 
 1.89000000e+00  1.29662893e-02  1.89000000e+00  5.93371065e-01 
 1.90000000e+00  1.30552983e-02  1.90000000e+00  5.94470166e-01 
 1.91000000e+00  1.31443146e-02  1.91000000e+00  5.95568538e-01 
 1.92000000e+00  1.32333381e-02  1.92000000e+00  5.96666188e-01 
 1.93000000e+00  1.33223688e-02  1.93000000e+00  5.97763120e-01 
 1.94000000e+00  1.34114066e-02  1.94000000e+00  5.98859339e-01 
 1.95000000e+00  1.35004515e-02  1.95000000e+00  5.99954852e-01 
 1.96000000e+00  1.35895034e-02  1.96000000e+00  6.01049663e-01 
 1.97000000e+00  1.36785622e-02  1.97000000e+00  6.02143778e-01 
 1.98000000e+00  1.37676280e-02  1.98000000e+00  6.03237201e-01 
 1.99000000e+00  1.38567006e-02  1.99000000e+00  6.04329938e-01 
 2.00000000e+00  1.39457801e-02  2.00000000e+00  6.05421994e-01 
