-2.00000000e+00 -1.08541544e-02 -2.00000000e+00 -9.14584558e-01 
-1.99000000e+00 -1.08451446e-02 -1.99000000e+00 -9.05485540e-01 
-1.98000000e+00 -1.08361347e-02 -1.98000000e+00 -8.96386527e-01 
-1.97000000e+00 -1.08271248e-02 -1.97000000e+00 -8.87287518e-01 
-1.96000000e+00 -1.08181149e-02 -1.96000000e+00 -8.78188513e-01 
-1.95000000e+00 -1.08091049e-02 -1.95000000e+00 -8.69089513e-01 
-1.94000000e+00 -1.08000948e-02 -1.94000000e+00 -8.59990518e-01 
-1.93000000e+00 -1.07910847e-02 -1.93000000e+00 -8.50891528e-01 
-1.92000000e+00 -1.07820746e-02 -1.92000000e+00 -8.41792543e-01 
-1.91000000e+00 -1.07730644e-02 -1.91000000e+00 -8.32693564e-01 
-1.90000000e+00 -1.07640541e-02 -1.90000000e+00 -8.23594591e-01 
-1.89000000e+00 -1.07550438e-02 -1.89000000e+00 -8.14495624e-01 
-1.88000000e+00 -1.07460334e-02 -1.88000000e+00 -8.05396665e-01 
-1.87000000e+00 -1.07370229e-02 -1.87000000e+00 -7.96297713e-01 
-1.86000000e+00 -1.07280123e-02 -1.86000000e+00 -7.87198769e-01 
-1.85000000e+00 -1.07190017e-02 -1.85000000e+00 -7.78099833e-01 
-1.84000000e+00 -1.07099909e-02 -1.84000000e+00 -7.69000906e-01 
-1.83000000e+00 -1.07009801e-02 -1.83000000e+00 -7.59901989e-01 
-1.82000000e+00 -1.06919692e-02 -1.82000000e+00 -7.50803082e-01 
-1.81000000e+00 -1.06829581e-02 -1.81000000e+00 -7.41704186e-01 
-1.80000000e+00 -1.06739470e-02 -1.80000000e+00 -7.32605302e-01 
-1.79000000e+00 -1.06649357e-02 -1.79000000e+00 -7.23506431e-01 
-1.78000000e+00 -1.06559243e-02 -1.78000000e+00 -7.14407574e-01 
-1.77000000e+00 -1.06469127e-02 -1.77000000e+00 -7.05308731e-01 
-1.76000000e+00 -1.06379010e-02 -1.76000000e+00 -6.96209904e-01 
-1.75000000e+00 -1.06288891e-02 -1.75000000e+00 -6.87111094e-01 
-1.74000000e+00 -1.06198770e-02 -1.74000000e+00 -6.78012303e-01 
-1.73000000e+00 -1.06108647e-02 -1.73000000e+00 -6.68913532e-01 
-1.72000000e+00 -1.06018522e-02 -1.72000000e+00 -6.59814782e-01 
-1.71000000e+00 -1.05928394e-02 -1.71000000e+00 -6.50716056e-01 
-1.70000000e+00 -1.05838264e-02 -1.70000000e+00 -6.41617356e-01 
-1.69000000e+00 -1.05748132e-02 -1.69000000e+00 -6.32518683e-01 
-1.68000000e+00 -1.05657996e-02 -1.68000000e+00 -6.23420040e-01 
-1.67000000e+00 -1.05567857e-02 -1.67000000e+00 -6.14321430e-01 
-1.66000000e+00 -1.05477714e-02 -1.66000000e+00 -6.05222856e-01 
-1.65000000e+00 -1.05387568e-02 -1.65000000e+00 -5.96124321e-01 
-1.64000000e+00 -1.05297417e-02 -1.64000000e+00 -5.87025829e-01 
-1.63000000e+00 -1.05207262e-02 -1.63000000e+00 -5.77927384e-01 
-1.62000000e+00 -1.05117101e-02 -1.62000000e+00 -5.68828991e-01 
-1.61000000e+00 -1.05026935e-02 -1.61000000e+00 -5.59730655e-01 
-1.60000000e+00 -1.04936762e-02 -1.60000000e+00 -5.50632381e-01 
-1.59000000e+00 -1.04846582e-02 -1.59000000e+00 -5.41534177e-01 
-1.58000000e+00 -1.04756395e-02 -1.58000000e+00 -5.32436050e-01 
-1.57000000e+00 -1.04666199e-02 -1.57000000e+00 -5.23338008e-01 
-1.56000000e+00 -1.04575994e-02 -1.56000000e+00 -5.14240061e-01 
-1.55000000e+00 -1.04485778e-02 -1.55000000e+00 -5.05142220e-01 
-1.54000000e+00 -1.04395550e-02 -1.54000000e+00 -4.96044497e-01 
-1.53000000e+00 -1.04305309e-02 -1.53000000e+00 -4.86946906e-01 
-1.52000000e+00 -1.04215054e-02 -1.52000000e+00 -4.77849463e-01 
-1.51000000e+00 -1.04124781e-02 -1.51000000e+00 -4.68752188e-01 
-1.50000000e+00 -1.04034490e-02 -1.50000000e+00 -4.59655102e-01 
-1.49000000e+00 -1.03944177e-02 -1.49000000e+00 -4.50558229e-01 
-1.48000000e+00 -1.03853840e-02 -1.48000000e+00 -4.41461600e-01 
-1.47000000e+00 -1.03763475e-02 -1.47000000e+00 -4.32365248e-01 
-1.46000000e+00 -1.03673079e-02 -1.46000000e+00 -4.23269213e-01 
-1.45000000e+00 -1.03582646e-02 -1.45000000e+00 -4.14173543e-01 
-1.44000000e+00 -1.03492171e-02 -1.44000000e+00 -4.05078292e-01 
-1.43000000e+00 -1.03401647e-02 -1.43000000e+00 -3.95983528e-01 
-1.42000000e+00 -1.03311067e-02 -1.42000000e+00 -3.86889329e-01 
-1.41000000e+00 -1.03220421e-02 -1.41000000e+00 -3.77795791e-01 
-1.40000000e+00 -1.03129697e-02 -1.40000000e+00 -3.68703028e-01 
-1.39000000e+00 -1.03038882e-02 -1.39000000e+00 -3.59611180e-01 
-1.38000000e+00 -1.02947958e-02 -1.38000000e+00 -3.50520419e-01 
-1.37000000e+00 -1.02856905e-02 -1.37000000e+00 -3.41430954e-01 
-1.36000000e+00 -1.02765695e-02 -1.36000000e+00 -3.32343047e-01 
-1.35000000e+00 -1.02674298e-02 -1.35000000e+00 -3.23257025e-01 
-1.34000000e+00 -1.02582670e-02 -1.34000000e+00 -3.14173301e-01 
-1.33000000e+00 -1.02490760e-02 -1.33000000e+00 -3.05092400e-01 
-1.32000000e+00 -1.02398500e-02 -1.32000000e+00 -2.96014997e-01 
-1.31000000e+00 -1.02305803e-02 -1.31000000e+00 -2.86941970e-01 
-1.30000000e+00 -1.02212553e-02 -1.30000000e+00 -2.77874471e-01 
-1.29000000e+00 -1.02118706e-02 -1.29000000e+00 -2.68812942e-01 
-1.28000000e+00 -1.02024317e-02 -1.28000000e+00 -2.59756829e-01 
-1.27000000e+00 -1.01929240e-02 -1.27000000e+00 -2.50707597e-01 
-1.26000000e+00 -1.01833367e-02 -1.26000000e+00 -2.41666331e-01 
-1.25000000e+00 -1.01736572e-02 -1.25000000e+00 -2.32634284e-01 
-1.24000000e+00 -1.01638710e-02 -1.24000000e+00 -2.23612897e-01 
-1.23000000e+00 -1.01539617e-02 -1.23000000e+00 -2.14603829e-01 
-1.22000000e+00 -1.01439102e-02 -1.22000000e+00 -2.05608983e-01 
-1.21000000e+00 -1.01336946e-02 -1.21000000e+00 -1.96630540e-01 
-1.20000000e+00 -1.01232901e-02 -1.20000000e+00 -1.87670992e-01 
-1.19000000e+00 -1.01126682e-02 -1.19000000e+00 -1.78733182e-01 
-1.18000000e+00 -1.01017966e-02 -1.18000000e+00 -1.69820344e-01 
-1.17000000e+00 -1.00906386e-02 -1.17000000e+00 -1.60936139e-01 
-1.16000000e+00 -1.00791530e-02 -1.16000000e+00 -1.52084701e-01 
-1.15000000e+00 -1.00672932e-02 -1.15000000e+00 -1.43270677e-01 
-1.14000000e+00 -1.00550074e-02 -1.14000000e+00 -1.34499259e-01 
-1.13000000e+00 -1.00422378e-02 -1.13000000e+00 -1.25776220e-01 
-1.12000000e+00 -1.00289206e-02 -1.12000000e+00 -1.17107936e-01 
-1.11000000e+00 -1.00149861e-02 -1.11000000e+00 -1.08501390e-01 
-1.10000000e+00 -1.00003583e-02 -1.10000000e+00 -9.99641723e-02 
-1.09000000e+00 -9.98495549e-03 -1.09000000e+00 -9.15044514e-02 
-1.08000000e+00 -9.96869079e-03 -1.08000000e+00 -8.31309211e-02 
-1.07000000e+00 -9.95147277e-03 -1.07000000e+00 -7.48527234e-02 
-1.06000000e+00 -9.93320661e-03 -1.06000000e+00 -6.66793395e-02 
-1.05000000e+00 -9.91379548e-03 -1.05000000e+00 -5.86204516e-02 
-1.04000000e+00 -9.89314223e-03 -1.04000000e+00 -5.06857772e-02 
-1.03000000e+00 -9.87115120e-03 -1.03000000e+00 -4.28848798e-02 
-1.02000000e+00 -9.84773035e-03 -1.02000000e+00 -3.52269648e-02 
-1.01000000e+00 -9.82279330e-03 -1.01000000e+00 -2.77206698e-02 
-1.00000000e+00 -9.79626138e-03 -1.00000000e+00 -2.03738616e-02 
-9.90000000e-01 -9.76806549e-03 -9.90000000e-01 -1.31934513e-02 
-9.80000000e-01 -9.73814760e-03 -9.80000000e-01 -6.18523981e-03 
-9.70000000e-01 -9.70646198e-03 -9.70000000e-01  6.46197962e-04 
-9.60000000e-01 -9.67297583e-03 -9.60000000e-01  7.29758314e-03 
-9.50000000e-01 -9.63766956e-03 -9.50000000e-01  1.37669559e-02 
-9.40000000e-01 -9.60053653e-03 -9.40000000e-01  2.00536527e-02 
-9.30000000e-01 -9.56158242e-03 -9.30000000e-01  2.61582422e-02 
-9.20000000e-01 -9.52082429e-03 -9.20000000e-01  3.20824285e-02 
-9.10000000e-01 -9.47828930e-03 -9.10000000e-01  3.78289295e-02 
-9.00000000e-01 -9.43401339e-03 -9.00000000e-01  4.34013392e-02 
-8.90000000e-01 -9.38803984e-03 -8.90000000e-01  4.88039839e-02 
-8.80000000e-01 -9.34041779e-03 -8.80000000e-01  5.40417791e-02 
-8.70000000e-01 -9.29120092e-03 -8.70000000e-01  5.91200917e-02 
-8.60000000e-01 -9.24044614e-03 -8.60000000e-01  6.40446136e-02 
-8.50000000e-01 -9.18821249e-03 -8.50000000e-01  6.88212488e-02 
-8.40000000e-01 -9.13456014e-03 -8.40000000e-01  7.34560143e-02 
-8.30000000e-01 -9.07954956e-03 -8.30000000e-01  7.79549565e-02 
-8.20000000e-01 -9.02324082e-03 -8.20000000e-01  8.23240820e-02 
-8.10000000e-01 -8.96569302e-03 -8.10000000e-01  8.65693019e-02 
-8.00000000e-01 -8.90696387e-03 -8.00000000e-01  9.06963874e-02 
-7.90000000e-01 -8.84710937e-03 -7.90000000e-01  9.47109372e-02 
-7.80000000e-01 -8.78618353e-03 -7.80000000e-01  9.86183531e-02 
-7.70000000e-01 -8.72423824e-03 -7.70000000e-01  1.02423824e-01 
-7.60000000e-01 -8.66132314e-03 -7.60000000e-01  1.06132314e-01 
-7.50000000e-01 -8.59748560e-03 -7.50000000e-01  1.09748560e-01 
-7.40000000e-01 -8.53277069e-03 -7.40000000e-01  1.13277069e-01 
-7.30000000e-01 -8.46722120e-03 -7.30000000e-01  1.16722120e-01 
-7.20000000e-01 -8.40087770e-03 -7.20000000e-01  1.20087770e-01 
-7.10000000e-01 -8.33377859e-03 -7.10000000e-01  1.23377859e-01 
-7.00000000e-01 -8.26596018e-03 -7.00000000e-01  1.26596018e-01 
-6.90000000e-01 -8.19745677e-03 -6.90000000e-01  1.29745677e-01 
-6.80000000e-01 -8.12830077e-03 -6.80000000e-01  1.32830077e-01 
-6.70000000e-01 -8.05852276e-03 -6.70000000e-01  1.35852276e-01 
-6.60000000e-01 -7.98815158e-03 -6.60000000e-01  1.38815158e-01 
-6.50000000e-01 -7.91721447e-03 -6.50000000e-01  1.41721447e-01 
-6.40000000e-01 -7.84573709e-03 -6.40000000e-01  1.44573709e-01 
-6.30000000e-01 -7.77374369e-03 -6.30000000e-01  1.47374369e-01 
-6.20000000e-01 -7.70125713e-03 -6.20000000e-01  1.50125713e-01 
-6.10000000e-01 -7.62829899e-03 -6.10000000e-01  1.52829899e-01 
-6.00000000e-01 -7.55488965e-03 -6.00000000e-01  1.55488965e-01 
-5.90000000e-01 -7.48104835e-03 -5.90000000e-01  1.58104835e-01 
-5.80000000e-01 -7.40679329e-03 -5.80000000e-01  1.60679329e-01 
-5.70000000e-01 -7.33214164e-03 -5.70000000e-01  1.63214164e-01 
-5.60000000e-01 -7.25710967e-03 -5.60000000e-01  1.65710967e-01 
-5.50000000e-01 -7.18171276e-03 -5.50000000e-01  1.68171276e-01 
-5.40000000e-01 -7.10596545e-03 -5.40000000e-01  1.70596545e-01 
-5.30000000e-01 -7.02988154e-03 -5.30000000e-01  1.72988154e-01 
-5.20000000e-01 -6.95347410e-03 -5.20000000e-01  1.75347410e-01 
-5.10000000e-01 -6.87675551e-03 -5.10000000e-01  1.77675551e-01 
-5.00000000e-01 -6.79973752e-03 -5.00000000e-01  1.79973752e-01 
-4.90000000e-01 -6.72243129e-03 -4.90000000e-01  1.82243129e-01 
-4.80000000e-01 -6.64484741e-03 -4.80000000e-01  1.84484741e-01 
-4.70000000e-01 -6.56699595e-03 -4.70000000e-01  1.86699595e-01 
-4.60000000e-01 -6.48888647e-03 -4.60000000e-01  1.88888647e-01 
-4.50000000e-01 -6.41052808e-03 -4.50000000e-01  1.91052808e-01 
-4.40000000e-01 -6.33192944e-03 -4.40000000e-01  1.93192944e-01 
-4.30000000e-01 -6.25309880e-03 -4.30000000e-01  1.95309880e-01 
-4.20000000e-01 -6.17404404e-03 -4.20000000e-01  1.97404404e-01 
-4.10000000e-01 -6.09477264e-03 -4.10000000e-01  1.99477264e-01 
-4.00000000e-01 -6.01529175e-03 -4.00000000e-01  2.01529175e-01 
-3.90000000e-01 -5.93560821e-03 -3.90000000e-01  2.03560821e-01 
-3.80000000e-01 -5.85572853e-03 -3.80000000e-01  2.05572853e-01 
-3.70000000e-01 -5.77565893e-03 -3.70000000e-01  2.07565893e-01 
-3.60000000e-01 -5.69540538e-03 -3.60000000e-01  2.09540538e-01 
-3.50000000e-01 -5.61497356e-03 -3.50000000e-01  2.11497356e-01 
-3.40000000e-01 -5.53436892e-03 -3.40000000e-01  2.13436892e-01 
-3.30000000e-01 -5.45359668e-03 -3.30000000e-01  2.15359668e-01 
-3.20000000e-01 -5.37266184e-03 -3.20000000e-01  2.17266184e-01 
-3.10000000e-01 -5.29156917e-03 -3.10000000e-01  2.19156917e-01 
-3.00000000e-01 -5.21032328e-03 -3.00000000e-01  2.21032328e-01 
-2.90000000e-01 -5.12892856e-03 -2.90000000e-01  2.22892856e-01 
-2.80000000e-01 -5.04738924e-03 -2.80000000e-01  2.24738924e-01 
-2.70000000e-01 -4.96570938e-03 -2.70000000e-01  2.26570938e-01 
-2.60000000e-01 -4.88389287e-03 -2.60000000e-01  2.28389287e-01 
-2.50000000e-01 -4.80194346e-03 -2.50000000e-01  2.30194346e-01 
-2.40000000e-01 -4.71986475e-03 -2.40000000e-01  2.31986475e-01 
-2.30000000e-01 -4.63766019e-03 -2.30000000e-01  2.33766019e-01 
-2.20000000e-01 -4.55533312e-03 -2.20000000e-01  2.35533312e-01 
-2.10000000e-01 -4.47288675e-03 -2.10000000e-01  2.37288675e-01 
-2.00000000e-01 -4.39032416e-03 -2.00000000e-01  2.39032416e-01 
-1.90000000e-01 -4.30764833e-03 -1.90000000e-01  2.40764833e-01 
-1.80000000e-01 -4.22486212e-03 -1.80000000e-01  2.42486212e-01 
-1.70000000e-01 -4.14196829e-03 -1.70000000e-01  2.44196829e-01 
-1.60000000e-01 -4.05896952e-03 -1.60000000e-01  2.45896952e-01 
-1.50000000e-01 -3.97586837e-03 -1.50000000e-01  2.47586837e-01 
-1.40000000e-01 -3.89266731e-03 -1.40000000e-01  2.49266731e-01 
-1.30000000e-01 -3.80936876e-03 -1.30000000e-01  2.50936876e-01 
-1.20000000e-01 -3.72597501e-03 -1.20000000e-01  2.52597501e-01 
-1.10000000e-01 -3.64248831e-03 -1.10000000e-01  2.54248831e-01 
-1.00000000e-01 -3.55891082e-03 -1.00000000e-01  2.55891082e-01 
-9.00000000e-02 -3.47524462e-03 -9.00000000e-02  2.57524462e-01 
-8.00000000e-02 -3.39149173e-03 -8.00000000e-02  2.59149173e-01 
-7.00000000e-02 -3.30765412e-03 -7.00000000e-02  2.60765412e-01 
-6.00000000e-02 -3.22373366e-03 -6.00000000e-02  2.62373366e-01 
-5.00000000e-02 -3.13973219e-03 -5.00000000e-02  2.63973219e-01 
-4.00000000e-02 -3.05565148e-03 -4.00000000e-02  2.65565148e-01 
-3.00000000e-02 -2.97149325e-03 -3.00000000e-02  2.67149325e-01 
-2.00000000e-02 -2.88725917e-03 -2.00000000e-02  2.68725917e-01 
-1.00000000e-02 -2.80295084e-03 -1.00000000e-02  2.70295084e-01 
 1.64104841e-15 -2.71856982e-03  1.64104841e-15  2.71856982e-01 
 1.00000000e-02 -2.63411764e-03  1.00000000e-02  2.73411764e-01 
 2.00000000e-02 -2.54959577e-03  2.00000000e-02  2.74959577e-01 
 3.00000000e-02 -2.46500562e-03  3.00000000e-02  2.76500562e-01 
 4.00000000e-02 -2.38034859e-03  4.00000000e-02  2.78034859e-01 
 5.00000000e-02 -2.29562601e-03  5.00000000e-02  2.79562601e-01 
 6.00000000e-02 -2.21083920e-03  6.00000000e-02  2.81083920e-01 
 7.00000000e-02 -2.12598942e-03  7.00000000e-02  2.82598942e-01 
 8.00000000e-02 -2.04107791e-03  8.00000000e-02  2.84107791e-01 
 9.00000000e-02 -1.95610585e-03  9.00000000e-02  2.85610585e-01 
 1.00000000e-01 -1.87107441e-03  1.00000000e-01  2.87107441e-01 
 1.10000000e-01 -1.78598473e-03  1.10000000e-01  2.88598473e-01 
 1.20000000e-01 -1.70083790e-03  1.20000000e-01  2.90083790e-01 
 1.30000000e-01 -1.61563500e-03  1.30000000e-01  2.91563500e-01 
 1.40000000e-01 -1.53037706e-03  1.40000000e-01  2.93037706e-01 
 1.50000000e-01 -1.44506510e-03  1.50000000e-01  2.94506510e-01 
 1.60000000e-01 -1.35970010e-03  1.60000000e-01  2.95970010e-01 
 1.70000000e-01 -1.27428302e-03  1.70000000e-01  2.97428302e-01 
 1.80000000e-01 -1.18881480e-03  1.80000000e-01  2.98881480e-01 
 1.90000000e-01 -1.10329635e-03  1.90000000e-01  3.00329635e-01 
 2.00000000e-01 -1.01772856e-03  2.00000000e-01  3.01772856e-01 
 2.10000000e-01 -9.32112285e-04  2.10000000e-01  3.03211228e-01 
 2.20000000e-01 -8.46448372e-04  2.20000000e-01  3.04644837e-01 
 2.30000000e-01 -7.60737642e-04  2.30000000e-01  3.06073764e-01 
 2.40000000e-01 -6.74980896e-04  2.40000000e-01  3.07498090e-01 
 2.50000000e-01 -5.89178913e-04  2.50000000e-01  3.08917891e-01 
 2.60000000e-01 -5.03332457e-04  2.60000000e-01  3.10333246e-01 
 2.70000000e-01 -4.17442269e-04  2.70000000e-01  3.11744227e-01 
 2.80000000e-01 -3.31509074e-04  2.80000000e-01  3.13150907e-01 
 2.90000000e-01 -2.45533579e-04  2.90000000e-01  3.14553358e-01 
 3.00000000e-01 -1.59516476e-04  3.00000000e-01  3.15951648e-01 
 3.10000000e-01 -7.34584369e-05  3.10000000e-01  3.17345844e-01 
 3.20000000e-01  1.26597443e-05  3.20000000e-01  3.18734026e-01 
 3.30000000e-01  9.87776645e-05  3.30000000e-01  3.20122234e-01 
 3.40000000e-01  1.84954786e-04  3.40000000e-01  3.21504521e-01 
 3.50000000e-01  2.71170134e-04  3.50000000e-01  3.22882987e-01 
 3.60000000e-01  3.57423277e-04  3.60000000e-01  3.24257672e-01 
 3.70000000e-01  4.43713628e-04  3.70000000e-01  3.25628637e-01 
 3.80000000e-01  5.30040615e-04  3.80000000e-01  3.26995939e-01 
 3.90000000e-01  6.16403677e-04  3.90000000e-01  3.28359632e-01 
 4.00000000e-01  7.02802269e-04  4.00000000e-01  3.29719773e-01 
 4.10000000e-01  7.89235854e-04  4.10000000e-01  3.31076415e-01 
 4.20000000e-01  8.75703910e-04  4.20000000e-01  3.32429609e-01 
 4.30000000e-01  9.62205925e-04  4.30000000e-01  3.33779407e-01 
 4.40000000e-01  1.04874140e-03  4.40000000e-01  3.35125860e-01 
 4.50000000e-01  1.13530984e-03  4.50000000e-01  3.36469016e-01 
 4.60000000e-01  1.22191077e-03  4.60000000e-01  3.37808923e-01 
 4.70000000e-01  1.30854371e-03  4.70000000e-01  3.39145629e-01 
 4.80000000e-01  1.39520822e-03  4.80000000e-01  3.40479178e-01 
 4.90000000e-01  1.48190384e-03  4.90000000e-01  3.41809616e-01 
 5.00000000e-01  1.56863012e-03  5.00000000e-01  3.43136988e-01 
 5.10000000e-01  1.65538665e-03  5.10000000e-01  3.44461335e-01 
 5.20000000e-01  1.74217299e-03  5.20000000e-01  3.45782701e-01 
 5.30000000e-01  1.82898873e-03  5.30000000e-01  3.47101127e-01 
 5.40000000e-01  1.91583347e-03  5.40000000e-01  3.48416653e-01 
 5.50000000e-01  2.00270680e-03  5.50000000e-01  3.49729320e-01 
 5.60000000e-01  2.08960835e-03  5.60000000e-01  3.51039165e-01 
 5.70000000e-01  2.17653772e-03  5.70000000e-01  3.52346228e-01 
 5.80000000e-01  2.26349455e-03  5.80000000e-01  3.53650545e-01 
 5.90000000e-01  2.35047846e-03  5.90000000e-01  3.54952154e-01 
 6.00000000e-01  2.43748911e-03  6.00000000e-01  3.56251089e-01 
 6.10000000e-01  2.52452613e-03  6.10000000e-01  3.57547387e-01 
 6.20000000e-01  2.61158917e-03  6.20000000e-01  3.58841083e-01 
 6.30000000e-01  2.69867791e-03  6.30000000e-01  3.60132209e-01 
 6.40000000e-01  2.78579201e-03  6.40000000e-01  3.61420799e-01 
 6.50000000e-01  2.87293114e-03  6.50000000e-01  3.62706886e-01 
 6.60000000e-01  2.96009498e-03  6.60000000e-01  3.63990502e-01 
 6.70000000e-01  3.04728322e-03  6.70000000e-01  3.65271678e-01 
 6.80000000e-01  3.13449554e-03  6.80000000e-01  3.66550446e-01 
 6.90000000e-01  3.22173166e-03  6.90000000e-01  3.67826834e-01 
 7.00000000e-01  3.30899126e-03  7.00000000e-01  3.69100874e-01 
 7.10000000e-01  3.39627406e-03  7.10000000e-01  3.70372594e-01 
 7.20000000e-01  3.48357977e-03  7.20000000e-01  3.71642023e-01 
 7.30000000e-01  3.57090812e-03  7.30000000e-01  3.72909188e-01 
 7.40000000e-01  3.65825882e-03  7.40000000e-01  3.74174118e-01 
 7.50000000e-01  3.74563160e-03  7.50000000e-01  3.75436840e-01 
 7.60000000e-01  3.83302620e-03  7.60000000e-01  3.76697380e-01 
 7.70000000e-01  3.92044236e-03  7.70000000e-01  3.77955764e-01 
 7.80000000e-01  4.00787981e-03  7.80000000e-01  3.79212019e-01 
 7.90000000e-01  4.09533831e-03  7.90000000e-01  3.80466169e-01 
 8.00000000e-01  4.18281762e-03  8.00000000e-01  3.81718238e-01 
 8.10000000e-01  4.27031747e-03  8.10000000e-01  3.82968253e-01 
 8.20000000e-01  4.35783764e-03  8.20000000e-01  3.84216236e-01 
 8.30000000e-01  4.44537789e-03  8.30000000e-01  3.85462211e-01 
 8.40000000e-01  4.53293799e-03  8.40000000e-01  3.86706201e-01 
 8.50000000e-01  4.62051771e-03  8.50000000e-01  3.87948229e-01 
 8.60000000e-01  4.70811683e-03  8.60000000e-01  3.89188317e-01 
 8.70000000e-01  4.79573512e-03  8.70000000e-01  3.90426488e-01 
 8.80000000e-01  4.88337238e-03  8.80000000e-01  3.91662762e-01 
 8.90000000e-01  4.97102838e-03  8.90000000e-01  3.92897162e-01 
 9.00000000e-01  5.05870292e-03  9.00000000e-01  3.94129708e-01 
 9.10000000e-01  5.14639580e-03  9.10000000e-01  3.95360420e-01 
 9.20000000e-01  5.23410681e-03  9.20000000e-01  3.96589319e-01 
 9.30000000e-01  5.32183574e-03  9.30000000e-01  3.97816426e-01 
 9.40000000e-01  5.40958242e-03  9.40000000e-01  3.99041758e-01 
 9.50000000e-01  5.49734664e-03  9.50000000e-01  4.00265336e-01 
 9.60000000e-01  5.58512821e-03  9.60000000e-01  4.01487179e-01 
 9.70000000e-01  5.67292695e-03  9.70000000e-01  4.02707305e-01 
 9.80000000e-01  5.76074267e-03  9.80000000e-01  4.03925733e-01 
 9.90000000e-01  5.84857519e-03  9.90000000e-01  4.05142481e-01 
 1.00000000e+00  5.93642434e-03  1.00000000e+00  4.06357566e-01 
 1.01000000e+00  6.02428994e-03  1.01000000e+00  4.07571006e-01 
 1.02000000e+00  6.11217181e-03  1.02000000e+00  4.08782819e-01 
 1.03000000e+00  6.20006979e-03  1.03000000e+00  4.09993021e-01 
 1.04000000e+00  6.28798371e-03  1.04000000e+00  4.11201629e-01 
 1.05000000e+00  6.37591341e-03  1.05000000e+00  4.12408659e-01 
 1.06000000e+00  6.46385872e-03  1.06000000e+00  4.13614128e-01 
 1.07000000e+00  6.55181948e-03  1.07000000e+00  4.14818052e-01 
 1.08000000e+00  6.63979554e-03  1.08000000e+00  4.16020446e-01 
 1.09000000e+00  6.72778674e-03  1.09000000e+00  4.17221326e-01 
 1.10000000e+00  6.81579293e-03  1.10000000e+00  4.18420707e-01 
 1.11000000e+00  6.90381395e-03  1.11000000e+00  4.19618605e-01 
 1.12000000e+00  6.99184967e-03  1.12000000e+00  4.20815033e-01 
 1.13000000e+00  7.07989993e-03  1.13000000e+00  4.22010007e-01 
 1.14000000e+00  7.16796459e-03  1.14000000e+00  4.23203541e-01 
 1.15000000e+00  7.25604351e-03  1.15000000e+00  4.24395649e-01 
 1.16000000e+00  7.34413655e-03  1.16000000e+00  4.25586345e-01 
 1.17000000e+00  7.43224357e-03  1.17000000e+00  4.26775643e-01 
 1.18000000e+00  7.52036443e-03  1.18000000e+00  4.27963557e-01 
 1.19000000e+00  7.60849901e-03  1.19000000e+00  4.29150099e-01 
 1.20000000e+00  7.69664716e-03  1.20000000e+00  4.30335284e-01 
 1.21000000e+00  7.78480877e-03  1.21000000e+00  4.31519123e-01 
 1.22000000e+00  7.87298370e-03  1.22000000e+00  4.32701630e-01 
 1.23000000e+00  7.96117182e-03  1.23000000e+00  4.33882818e-01 
 1.24000000e+00  8.04937302e-03  1.24000000e+00  4.35062698e-01 
 1.25000000e+00  8.13758716e-03  1.25000000e+00  4.36241284e-01 
 1.26000000e+00  8.22581414e-03  1.26000000e+00  4.37418586e-01 
 1.27000000e+00  8.31405382e-03  1.27000000e+00  4.38594618e-01 
 1.28000000e+00  8.40230609e-03  1.28000000e+00  4.39769391e-01 
 1.29000000e+00  8.49057083e-03  1.29000000e+00  4.40942917e-01 
 1.30000000e+00  8.57884793e-03  1.30000000e+00  4.42115207e-01 
 1.31000000e+00  8.66713728e-03  1.31000000e+00  4.43286272e-01 
 1.32000000e+00  8.75543876e-03  1.32000000e+00  4.44456124e-01 
 1.33000000e+00  8.84375227e-03  1.33000000e+00  4.45624773e-01 
 1.34000000e+00  8.93207770e-03  1.34000000e+00  4.46792230e-01 
 1.35000000e+00  9.02041493e-03  1.35000000e+00  4.47958507e-01 
 1.36000000e+00  9.10876386e-03  1.36000000e+00  4.49123614e-01 
 1.37000000e+00  9.19712440e-03  1.37000000e+00  4.50287560e-01 
 1.38000000e+00  9.28549643e-03  1.38000000e+00  4.51450357e-01 
 1.39000000e+00  9.37387986e-03  1.39000000e+00  4.52612014e-01 
 1.40000000e+00  9.46227458e-03  1.40000000e+00  4.53772542e-01 
 1.41000000e+00  9.55068050e-03  1.41000000e+00  4.54931950e-01 
 1.42000000e+00  9.63909751e-03  1.42000000e+00  4.56090249e-01 
 1.43000000e+00  9.72752552e-03  1.43000000e+00  4.57247448e-01 
 1.44000000e+00  9.81596445e-03  1.44000000e+00  4.58403555e-01 
 1.45000000e+00  9.90441418e-03  1.45000000e+00  4.59558582e-01 
 1.46000000e+00  9.99287463e-03  1.46000000e+00  4.60712537e-01 
 1.47000000e+00  1.00813457e-02  1.47000000e+00  4.61865429e-01 
 1.48000000e+00  1.01698273e-02  1.48000000e+00  4.63017267e-01 
 1.49000000e+00  1.02583194e-02  1.49000000e+00  4.64168060e-01 
 1.50000000e+00  1.03468218e-02  1.50000000e+00  4.65317817e-01 
 1.51000000e+00  1.04353345e-02  1.51000000e+00  4.66466547e-01 
 1.52000000e+00  1.05238574e-02  1.52000000e+00  4.67614259e-01 
 1.53000000e+00  1.06123904e-02  1.53000000e+00  4.68760960e-01 
 1.54000000e+00  1.07009334e-02  1.54000000e+00  4.69906659e-01 
 1.55000000e+00  1.07894864e-02  1.55000000e+00  4.71051365e-01 
 1.56000000e+00  1.08780492e-02  1.56000000e+00  4.72195085e-01 
 1.57000000e+00  1.09666217e-02  1.57000000e+00  4.73337828e-01 
 1.58000000e+00  1.10552040e-02  1.58000000e+00  4.74479602e-01 
 1.59000000e+00  1.11437959e-02  1.59000000e+00  4.75620414e-01 
 1.60000000e+00  1.12323973e-02  1.60000000e+00  4.76760273e-01 
 1.61000000e+00  1.13210081e-02  1.61000000e+00  4.77899186e-01 
 1.62000000e+00  1.14096284e-02  1.62000000e+00  4.79037160e-01 
 1.63000000e+00  1.14982580e-02  1.63000000e+00  4.80174204e-01 
 1.64000000e+00  1.15868968e-02  1.64000000e+00  4.81310324e-01 
 1.65000000e+00  1.16755447e-02  1.65000000e+00  4.82445529e-01 
 1.66000000e+00  1.17642018e-02  1.66000000e+00  4.83579824e-01 
 1.67000000e+00  1.18528678e-02  1.67000000e+00  4.84713218e-01 
 1.68000000e+00  1.19415428e-02  1.68000000e+00  4.85845718e-01 
 1.69000000e+00  1.20302267e-02  1.69000000e+00  4.86977330e-01 
 1.70000000e+00  1.21189194e-02  1.70000000e+00  4.88108061e-01 
 1.71000000e+00  1.22076208e-02  1.71000000e+00  4.89237919e-01 
 1.72000000e+00  1.22963309e-02  1.72000000e+00  4.90366910e-01 
 1.73000000e+00  1.23850496e-02  1.73000000e+00  4.91495040e-01 
 1.74000000e+00  1.24737768e-02  1.74000000e+00  4.92622317e-01 
 1.75000000e+00  1.25625125e-02  1.75000000e+00  4.93748747e-01 
 1.76000000e+00  1.26512566e-02  1.76000000e+00  4.94874335e-01 
 1.77000000e+00  1.27400091e-02  1.77000000e+00  4.95999090e-01 
 1.78000000e+00  1.28287698e-02  1.78000000e+00  4.97123017e-01 
 1.79000000e+00  1.29175388e-02  1.79000000e+00  4.98246122e-01 
 1.80000000e+00  1.30063159e-02  1.80000000e+00  4.99368411e-01 
 1.81000000e+00  1.30951011e-02  1.81000000e+00  5.00489891e-01 
 1.82000000e+00  1.31838943e-02  1.82000000e+00  5.01610567e-01 
 1.83000000e+00  1.32726955e-02  1.83000000e+00  5.02730446e-01 
 1.84000000e+00  1.33615047e-02  1.84000000e+00  5.03849534e-01 
 1.85000000e+00  1.34503216e-02  1.85000000e+00  5.04967836e-01 
 1.86000000e+00  1.35391464e-02  1.86000000e+00  5.06085358e-01 
 1.87000000e+00  1.36279789e-02  1.87000000e+00  5.07202105e-01 
 1.88000000e+00  1.37168192e-02  1.88000000e+00  5.08318084e-01 
 1.89000000e+00  1.38056670e-02  1.89000000e+00  5.09433301e-01 
 1.90000000e+00  1.38945224e-02  1.90000000e+00  5.10547759e-01 
 1.91000000e+00  1.39833853e-02  1.91000000e+00  5.11661466e-01 
 1.92000000e+00  1.40722557e-02  1.92000000e+00  5.12774426e-01 
 1.93000000e+00  1.41611335e-02  1.93000000e+00  5.13886645e-01 
 1.94000000e+00  1.42500187e-02  1.94000000e+00  5.14998128e-01 
 1.95000000e+00  1.43389112e-02  1.95000000e+00  5.16108881e-01 
 1.96000000e+00  1.44278109e-02  1.96000000e+00  5.17218908e-01 
 1.97000000e+00  1.45167179e-02  1.97000000e+00  5.18328215e-01 
 1.98000000e+00  1.46056319e-02  1.98000000e+00  5.19436806e-01 
 1.99000000e+00  1.46945531e-02  1.99000000e+00  5.20544688e-01 
 2.00000000e+00  1.47834814e-02  2.00000000e+00  5.21651864e-01 
