-2.00000000e+00 -1.08348196e-02 -2.00000000e+00 -9.16518036e-01 
-1.99000000e+00 -1.08258102e-02 -1.99000000e+00 -9.07418978e-01 
-1.98000000e+00 -1.08168008e-02 -1.98000000e+00 -8.98319922e-01 
-1.97000000e+00 -1.08077913e-02 -1.97000000e+00 -8.89220868e-01 
-1.96000000e+00 -1.07987818e-02 -1.96000000e+00 -8.80121817e-01 
-1.95000000e+00 -1.07897723e-02 -1.95000000e+00 -8.71022767e-01 
-1.94000000e+00 -1.07807628e-02 -1.94000000e+00 -8.61923720e-01 
-1.93000000e+00 -1.07717532e-02 -1.93000000e+00 -8.52824676e-01 
-1.92000000e+00 -1.07627437e-02 -1.92000000e+00 -8.43725634e-01 
-1.91000000e+00 -1.07537340e-02 -1.91000000e+00 -8.34626595e-01 
-1.90000000e+00 -1.07447244e-02 -1.90000000e+00 -8.25527559e-01 
-1.89000000e+00 -1.07357147e-02 -1.89000000e+00 -8.16428527e-01 
-1.88000000e+00 -1.07267050e-02 -1.88000000e+00 -8.07329498e-01 
-1.87000000e+00 -1.07176953e-02 -1.87000000e+00 -7.98230472e-01 
-1.86000000e+00 -1.07086855e-02 -1.86000000e+00 -7.89131451e-01 
-1.85000000e+00 -1.06996757e-02 -1.85000000e+00 -7.80032433e-01 
-1.84000000e+00 -1.06906658e-02 -1.84000000e+00 -7.70933421e-01 
-1.83000000e+00 -1.06816559e-02 -1.83000000e+00 -7.61834413e-01 
-1.82000000e+00 -1.06726459e-02 -1.82000000e+00 -7.52735410e-01 
-1.81000000e+00 -1.06636359e-02 -1.81000000e+00 -7.43636413e-01 
-1.80000000e+00 -1.06546258e-02 -1.80000000e+00 -7.34537421e-01 
-1.79000000e+00 -1.06456156e-02 -1.79000000e+00 -7.25438436e-01 
-1.78000000e+00 -1.06366054e-02 -1.78000000e+00 -7.16339458e-01 
-1.77000000e+00 -1.06275951e-02 -1.77000000e+00 -7.07240487e-01 
-1.76000000e+00 -1.06185848e-02 -1.76000000e+00 -6.98141524e-01 
-1.75000000e+00 -1.06095743e-02 -1.75000000e+00 -6.89042570e-01 
-1.74000000e+00 -1.06005637e-02 -1.74000000e+00 -6.79943625e-01 
-1.73000000e+00 -1.05915531e-02 -1.73000000e+00 -6.70844690e-01 
-1.72000000e+00 -1.05825423e-02 -1.72000000e+00 -6.61745765e-01 
-1.71000000e+00 -1.05735315e-02 -1.71000000e+00 -6.52646853e-01 
-1.70000000e+00 -1.05645205e-02 -1.70000000e+00 -6.43547953e-01 
-1.69000000e+00 -1.05555093e-02 -1.69000000e+00 -6.34449067e-01 
-1.68000000e+00 -1.05464980e-02 -1.68000000e+00 -6.25350195e-01 
-1.67000000e+00 -1.05374866e-02 -1.67000000e+00 -6.16251340e-01 
-1.66000000e+00 -1.05284750e-02 -1.66000000e+00 -6.07152503e-01 
-1.65000000e+00 -1.05194631e-02 -1.65000000e+00 -5.98053686e-01 
-1.64000000e+00 -1.05104511e-02 -1.64000000e+00 -5.88954890e-01 
-1.63000000e+00 -1.05014388e-02 -1.63000000e+00 -5.79856117e-01 
-1.62000000e+00 -1.04924263e-02 -1.62000000e+00 -5.70757369e-01 
-1.61000000e+00 -1.04834135e-02 -1.61000000e+00 -5.61658650e-01 
-1.60000000e+00 -1.04744004e-02 -1.60000000e+00 -5.52559963e-01 
-1.59000000e+00 -1.04653869e-02 -1.59000000e+00 -5.43461309e-01 
-1.58000000e+00 -1.04563731e-02 -1.58000000e+00 -5.34362694e-01 
-1.57000000e+00 -1.04473588e-02 -1.57000000e+00 -5.25264121e-01 
-1.56000000e+00 -1.04383441e-02 -1.56000000e+00 -5.16165595e-01 
-1.55000000e+00 -1.04293288e-02 -1.55000000e+00 -5.07067121e-01 
-1.54000000e+00 -1.04203129e-02 -1.54000000e+00 -4.97968705e-01 
-1.53000000e+00 -1.04112964e-02 -1.53000000e+00 -4.88870355e-01 
-1.52000000e+00 -1.04022792e-02 -1.52000000e+00 -4.79772078e-01 
-1.51000000e+00 -1.03932612e-02 -1.51000000e+00 -4.70673884e-01 
-1.50000000e+00 -1.03842422e-02 -1.50000000e+00 -4.61575783e-01 
-1.49000000e+00 -1.03752221e-02 -1.49000000e+00 -4.52477788e-01 
-1.48000000e+00 -1.03662009e-02 -1.48000000e+00 -4.43379912e-01 
-1.47000000e+00 -1.03571783e-02 -1.47000000e+00 -4.34282173e-01 
-1.46000000e+00 -1.03481541e-02 -1.46000000e+00 -4.25184589e-01 
-1.45000000e+00 -1.03391282e-02 -1.45000000e+00 -4.16087185e-01 
-1.44000000e+00 -1.03301001e-02 -1.44000000e+00 -4.06989987e-01 
-1.43000000e+00 -1.03210697e-02 -1.43000000e+00 -3.97893028e-01 
-1.42000000e+00 -1.03120365e-02 -1.42000000e+00 -3.88796345e-01 
-1.41000000e+00 -1.03030001e-02 -1.41000000e+00 -3.79699986e-01 
-1.40000000e+00 -1.02939599e-02 -1.40000000e+00 -3.70604007e-01 
-1.39000000e+00 -1.02849153e-02 -1.39000000e+00 -3.61508475e-01 
-1.38000000e+00 -1.02758653e-02 -1.38000000e+00 -3.52413472e-01 
-1.37000000e+00 -1.02668090e-02 -1.37000000e+00 -3.43319102e-01 
-1.36000000e+00 -1.02577451e-02 -1.36000000e+00 -3.34225491e-01 
-1.35000000e+00 -1.02486720e-02 -1.35000000e+00 -3.25132797e-01 
-1.34000000e+00 -1.02395878e-02 -1.34000000e+00 -3.16041219e-01 
-1.33000000e+00 -1.02304899e-02 -1.33000000e+00 -3.06951011e-01 
-1.32000000e+00 -1.02213750e-02 -1.32000000e+00 -2.97862499e-01 
-1.31000000e+00 -1.02122390e-02 -1.31000000e+00 -2.88776103e-01 
-1.30000000e+00 -1.02030762e-02 -1.30000000e+00 -2.79692381e-01 
-1.29000000e+00 -1.01938793e-02 -1.29000000e+00 -2.70612068e-01 
-1.28000000e+00 -1.01846488e-02 -1.28000000e+00 -2.61535119e-01 
-1.27000000e+00 -1.01753842e-02 -1.27000000e+00 -2.52461584e-01 
-1.26000000e+00 -1.01660771e-02 -1.26000000e+00 -2.43392293e-01 
-1.25000000e+00 -1.01567206e-02 -1.25000000e+00 -2.34327942e-01 
-1.24000000e+00 -1.01473066e-02 -1.24000000e+00 -2.25269345e-01 
-1.23000000e+00 -1.01378256e-02 -1.23000000e+00 -2.16217442e-01 
-1.22000000e+00 -1.01282668e-02 -1.22000000e+00 -2.07173324e-01 
-1.21000000e+00 -1.01186174e-02 -1.21000000e+00 -1.98138258e-01 
-1.20000000e+00 -1.01088630e-02 -1.20000000e+00 -1.89113705e-01 
-1.19000000e+00 -1.00989864e-02 -1.19000000e+00 -1.80101356e-01 
-1.18000000e+00 -1.00889684e-02 -1.18000000e+00 -1.71103159e-01 
-1.17000000e+00 -1.00787864e-02 -1.17000000e+00 -1.62121359e-01 
-1.16000000e+00 -1.00684147e-02 -1.16000000e+00 -1.53158530e-01 
-1.15000000e+00 -1.00578238e-02 -1.15000000e+00 -1.44217625e-01 
-1.14000000e+00 -1.00469799e-02 -1.14000000e+00 -1.35302010e-01 
-1.13000000e+00 -1.00358448e-02 -1.13000000e+00 -1.26415521e-01 
-1.12000000e+00 -1.00243750e-02 -1.12000000e+00 -1.17562500e-01 
-1.11000000e+00 -1.00125215e-02 -1.11000000e+00 -1.08747847e-01 
-1.10000000e+00 -1.00002294e-02 -1.10000000e+00 -9.99770604e-02 
-1.09000000e+00 -9.98743732e-03 -1.09000000e+00 -9.12562683e-02 
-1.08000000e+00 -9.97407743e-03 -1.08000000e+00 -8.25922572e-02 
-1.07000000e+00 -9.96007519e-03 -1.07000000e+00 -7.39924808e-02 
-1.06000000e+00 -9.94534949e-03 -1.06000000e+00 -6.54650514e-02 
-1.05000000e+00 -9.92981293e-03 -1.05000000e+00 -5.70187067e-02 
-1.04000000e+00 -9.91337251e-03 -1.04000000e+00 -4.86627490e-02 
-1.03000000e+00 -9.89593049e-03 -1.03000000e+00 -4.04069508e-02 
-1.02000000e+00 -9.87738573e-03 -1.02000000e+00 -3.22614265e-02 
-1.01000000e+00 -9.85763530e-03 -1.01000000e+00 -2.42364702e-02 
-1.00000000e+00 -9.83657639e-03 -1.00000000e+00 -1.63423613e-02 
-9.90000000e-01 -9.81410853e-03 -9.90000000e-01 -8.58914659e-03 
-9.80000000e-01 -9.79013592e-03 -9.80000000e-01 -9.86407620e-04 
-9.70000000e-01 -9.76456974e-03 -9.70000000e-01  6.45697450e-03 
-9.60000000e-01 -9.73733041e-03 -9.60000000e-01  1.37330413e-02 
-9.50000000e-01 -9.70834952e-03 -9.50000000e-01  2.08349524e-02 
-9.40000000e-01 -9.67757142e-03 -9.40000000e-01  2.77571422e-02 
-9.30000000e-01 -9.64495426e-03 -9.30000000e-01  3.44954262e-02 
-9.20000000e-01 -9.61047055e-03 -9.20000000e-01  4.10470548e-02 
-9.10000000e-01 -9.57410711e-03 -9.10000000e-01  4.74107113e-02 
-9.00000000e-01 -9.53586460e-03 -9.00000000e-01  5.35864603e-02 
-8.90000000e-01 -9.49575653e-03 -8.90000000e-01  5.95756530e-02 
-8.80000000e-01 -9.45380800e-03 -8.80000000e-01  6.53807999e-02 
-8.70000000e-01 -9.41005422e-03 -8.70000000e-01  7.10054215e-02 
-8.60000000e-01 -9.36453888e-03 -8.60000000e-01  7.64538883e-02 
-8.50000000e-01 -9.31731258e-03 -8.50000000e-01  8.17312578e-02 
-8.40000000e-01 -9.26843118e-03 -8.40000000e-01  8.68431182e-02 
-8.30000000e-01 -9.21795443e-03 -8.30000000e-01  9.17954428e-02 
-8.20000000e-01 -9.16594459e-03 -8.20000000e-01  9.65944593e-02 
-8.10000000e-01 -9.11246535e-03 -8.10000000e-01  1.01246535e-01 
-8.00000000e-01 -9.05758083e-03 -8.00000000e-01  1.05758083e-01 
-7.90000000e-01 -9.00135477e-03 -7.90000000e-01  1.10135477e-01 
-7.80000000e-01 -8.94384994e-03 -7.80000000e-01  1.14384994e-01 
-7.70000000e-01 -8.88512757e-03 -7.70000000e-01  1.18512757e-01 
-7.60000000e-01 -8.82524704e-03 -7.60000000e-01  1.22524704e-01 
-7.50000000e-01 -8.76426556e-03 -7.50000000e-01  1.26426556e-01 
-7.40000000e-01 -8.70223802e-03 -7.40000000e-01  1.30223802e-01 
-7.30000000e-01 -8.63921685e-03 -7.30000000e-01  1.33921685e-01 
-7.20000000e-01 -8.57525199e-03 -7.20000000e-01  1.37525199e-01 
-7.10000000e-01 -8.51039087e-03 -7.10000000e-01  1.41039087e-01 
-7.00000000e-01 -8.44467845e-03 -7.00000000e-01  1.44467845e-01 
-6.90000000e-01 -8.37815725e-03 -6.90000000e-01  1.47815725e-01 
-6.80000000e-01 -8.31086748e-03 -6.80000000e-01  1.51086748e-01 
-6.70000000e-01 -8.24284705e-03 -6.70000000e-01  1.54284705e-01 
-6.60000000e-01 -8.17413175e-03 -6.60000000e-01  1.57413175e-01 
-6.50000000e-01 -8.10475528e-03 -6.50000000e-01  1.60475528e-01 
-6.40000000e-01 -8.03474942e-03 -6.40000000e-01  1.63474942e-01 
-6.30000000e-01 -7.96414408e-03 -6.30000000e-01  1.66414408e-01 
-6.20000000e-01 -7.89296743e-03 -6.20000000e-01  1.69296743e-01 
-6.10000000e-01 -7.82124602e-03 -6.10000000e-01  1.72124602e-01 
-6.00000000e-01 -7.74900485e-03 -6.00000000e-01  1.74900485e-01 
-5.90000000e-01 -7.67626747e-03 -5.90000000e-01  1.77626747e-01 
-5.80000000e-01 -7.60305607e-03 -5.80000000e-01  1.80305607e-01 
-5.70000000e-01 -7.52939158e-03 -5.70000000e-01  1.82939158e-01 
-5.60000000e-01 -7.45529373e-03 -5.60000000e-01  1.85529373e-01 
-5.50000000e-01 -7.38078114e-03 -5.50000000e-01  1.88078114e-01 
-5.40000000e-01 -7.30587138e-03 -5.40000000e-01  1.90587138e-01 
-5.30000000e-01 -7.23058106e-03 -5.30000000e-01  1.93058106e-01 
-5.20000000e-01 -7.15492586e-03 -5.20000000e-01  1.95492586e-01 
-5.10000000e-01 -7.07892060e-03 -5.10000000e-01  1.97892060e-01 
-5.00000000e-01 -7.00257931e-03 -5.00000000e-01  2.00257931e-01 
-4.90000000e-01 -6.92591526e-03 -4.90000000e-01  2.02591526e-01 
-4.80000000e-01 -6.84894104e-03 -4.80000000e-01  2.04894104e-01 
-4.70000000e-01 -6.77166855e-03 -4.70000000e-01  2.07166855e-01 
-4.60000000e-01 -6.69410910e-03 -4.60000000e-01  2.09410910e-01 
-4.50000000e-01 -6.61627339e-03 -4.50000000e-01  2.11627339e-01 
-4.40000000e-01 -6.53817161e-03 -4.40000000e-01  2.13817161e-01 
-4.30000000e-01 -6.45981341e-03 -4.30000000e-01  2.15981341e-01 
-4.20000000e-01 -6.38120799e-03 -4.20000000e-01  2.18120799e-01 
-4.10000000e-01 -6.30236408e-03 -4.10000000e-01  2.20236408e-01 
-4.00000000e-01 -6.22328998e-03 -4.00000000e-01  2.22328998e-01 
-3.90000000e-01 -6.14399362e-03 -3.90000000e-01  2.24399362e-01 
-3.80000000e-01 -6.06448254e-03 -3.80000000e-01  2.26448254e-01 
-3.70000000e-01 -5.98476391e-03 -3.70000000e-01  2.28476391e-01 
-3.60000000e-01 -5.90484459e-03 -3.60000000e-01  2.30484459e-01 
-3.50000000e-01 -5.82473112e-03 -3.50000000e-01  2.32473112e-01 
-3.40000000e-01 -5.74442975e-03 -3.40000000e-01  2.34442975e-01 
-3.30000000e-01 -5.66394644e-03 -3.30000000e-01  2.36394644e-01 
-3.20000000e-01 -5.58328689e-03 -3.20000000e-01  2.38328689e-01 
-3.10000000e-01 -5.50245655e-03 -3.10000000e-01  2.40245655e-01 
-3.00000000e-01 -5.42146064e-03 -3.00000000e-01  2.42146064e-01 
-2.90000000e-01 -5.34030416e-03 -2.90000000e-01  2.44030416e-01 
-2.80000000e-01 -5.25899187e-03 -2.80000000e-01  2.45899187e-01 
-2.70000000e-01 -5.17752838e-03 -2.70000000e-01  2.47752838e-01 
-2.60000000e-01 -5.09591806e-03 -2.60000000e-01  2.49591806e-01 
-2.50000000e-01 -5.01416514e-03 -2.50000000e-01  2.51416514e-01 
-2.40000000e-01 -4.93227365e-03 -2.40000000e-01  2.53227365e-01 
-2.30000000e-01 -4.85024749e-03 -2.30000000e-01  2.55024749e-01 
-2.20000000e-01 -4.76809037e-03 -2.20000000e-01  2.56809037e-01 
-2.10000000e-01 -4.68580588e-03 -2.10000000e-01  2.58580588e-01 
-2.00000000e-01 -4.60339747e-03 -2.00000000e-01  2.60339747e-01 
-1.90000000e-01 -4.52086845e-03 -1.90000000e-01  2.62086845e-01 
-1.80000000e-01 -4.43822199e-03 -1.80000000e-01  2.63822199e-01 
-1.70000000e-01 -4.35546118e-03 -1.70000000e-01  2.65546118e-01 
-1.60000000e-01 -4.27258896e-03 -1.60000000e-01  2.67258896e-01 
-1.50000000e-01 -4.18960818e-03 -1.50000000e-01  2.68960818e-01 
-1.40000000e-01 -4.10652159e-03 -1.40000000e-01  2.70652159e-01 
-1.30000000e-01 -4.02333181e-03 -1.30000000e-01  2.72333181e-01 
-1.20000000e-01 -3.94004141e-03 -1.20000000e-01  2.74004141e-01 
-1.10000000e-01 -3.85665285e-03 -1.10000000e-01  2.75665285e-01 
-1.00000000e-01 -3.77316849e-03 -1.00000000e-01  2.77316849e-01 
-9.00000000e-02 -3.68959063e-03 -9.00000000e-02  2.78959063e-01 
-8.00000000e-02 -3.60592148e-03 -8.00000000e-02  2.80592148e-01 
-7.00000000e-02 -3.52216318e-03 -7.00000000e-02  2.82216318e-01 
-6.00000000e-02 -3.43831780e-03 -6.00000000e-02  2.83831780e-01 
-5.00000000e-02 -3.35438734e-03 -5.00000000e-02  2.85438734e-01 
-4.00000000e-02 -3.27037372e-03 -4.00000000e-02  2.87037372e-01 
-3.00000000e-02 -3.18627882e-03 -3.00000000e-02  2.88627882e-01 
-2.00000000e-02 -3.10210445e-03 -2.00000000e-02  2.90210445e-01 
-1.00000000e-02 -3.01785236e-03 -1.00000000e-02  2.91785236e-01 
 1.64104841e-15 -2.93352425e-03  1.64104841e-15  2.93352425e-01 
 1.00000000e-02 -2.84912175e-03  1.00000000e-02  2.94912175e-01 
 2.00000000e-02 -2.76464647e-03  2.00000000e-02  2.96464647e-01 
 3.00000000e-02 -2.68009994e-03  3.00000000e-02  2.98009994e-01 
 4.00000000e-02 -2.59548365e-03  4.00000000e-02  2.99548365e-01 
 5.00000000e-02 -2.51079907e-03  5.00000000e-02  3.01079907e-01 
 6.00000000e-02 -2.42604760e-03  6.00000000e-02  3.02604760e-01 
 7.00000000e-02 -2.34123059e-03  7.00000000e-02  3.04123059e-01 
 8.00000000e-02 -2.25634939e-03  8.00000000e-02  3.05634939e-01 
 9.00000000e-02 -2.17140527e-03  9.00000000e-02  3.07140527e-01 
 1.00000000e-01 -2.08639948e-03  1.00000000e-01  3.08639948e-01 
 1.10000000e-01 -2.00133324e-03  1.10000000e-01  3.10133324e-01 
 1.20000000e-01 -1.91620773e-03  1.20000000e-01  3.11620773e-01 
 1.30000000e-01 -1.83102409e-03  1.30000000e-01  3.13102409e-01 
 1.40000000e-01 -1.74578344e-03  1.40000000e-01  3.14578344e-01 
 1.50000000e-01 -1.66048686e-03  1.50000000e-01  3.16048686e-01 
 1.60000000e-01 -1.57513539e-03  1.60000000e-01  3.17513539e-01 
 1.70000000e-01 -1.48973008e-03  1.70000000e-01  3.18973008e-01 
 1.80000000e-01 -1.40427191e-03  1.80000000e-01  3.20427191e-01 
 1.90000000e-01 -1.31876185e-03  1.90000000e-01  3.21876185e-01 
 2.00000000e-01 -1.23320085e-03  2.00000000e-01  3.23320085e-01 
 2.10000000e-01 -1.14758983e-03  2.10000000e-01  3.24758983e-01 
 2.20000000e-01 -1.06192968e-03  2.20000000e-01  3.26192968e-01 
 2.30000000e-01 -9.76221281e-04  2.30000000e-01  3.27622128e-01 
 2.40000000e-01 -8.90465473e-04  2.40000000e-01  3.29046547e-01 
 2.50000000e-01 -8.04663087e-04  2.50000000e-01  3.30466309e-01 
 2.60000000e-01 -7.18814930e-04  2.60000000e-01  3.31881493e-01 
 2.70000000e-01 -6.32921790e-04  2.70000000e-01  3.33292179e-01 
 2.80000000e-01 -5.46984433e-04  2.80000000e-01  3.34698443e-01 
 2.90000000e-01 -4.61003607e-04  2.90000000e-01  3.36100361e-01 
 3.00000000e-01 -3.74980041e-04  3.00000000e-01  3.37498004e-01 
 3.10000000e-01 -2.88914448e-04  3.10000000e-01  3.38891445e-01 
 3.20000000e-01 -2.02807522e-04  3.20000000e-01  3.40280752e-01 
 3.30000000e-01 -1.16659941e-04  3.30000000e-01  3.41665994e-01 
 3.40000000e-01 -3.04723664e-05  3.40000000e-01  3.43047237e-01 
 3.50000000e-01  5.57545558e-05  3.50000000e-01  3.44424544e-01 
 3.60000000e-01  1.42020195e-04  3.60000000e-01  3.45797981e-01 
 3.70000000e-01  2.28323934e-04  3.70000000e-01  3.47167607e-01 
 3.80000000e-01  3.14665173e-04  3.80000000e-01  3.48533483e-01 
 3.90000000e-01  4.01043322e-04  3.90000000e-01  3.49895668e-01 
 4.00000000e-01  4.87457808e-04  4.00000000e-01  3.51254219e-01 
 4.10000000e-01  5.73908068e-04  4.10000000e-01  3.52609193e-01 
 4.20000000e-01  6.60393555e-04  4.20000000e-01  3.53960644e-01 
 4.30000000e-01  7.46913732e-04  4.30000000e-01  3.55308627e-01 
 4.40000000e-01  8.33468073e-04  4.40000000e-01  3.56653193e-01 
 4.50000000e-01  9.20056066e-04  4.50000000e-01  3.57994393e-01 
 4.60000000e-01  1.00667721e-03  4.60000000e-01  3.59332279e-01 
 4.70000000e-01  1.09333101e-03  4.70000000e-01  3.60666899e-01 
 4.80000000e-01  1.18001699e-03  4.80000000e-01  3.61998301e-01 
 4.90000000e-01  1.26673469e-03  4.90000000e-01  3.63326531e-01 
 5.00000000e-01  1.35348363e-03  5.00000000e-01  3.64651637e-01 
 5.10000000e-01  1.44026336e-03  5.10000000e-01  3.65973664e-01 
 5.20000000e-01  1.52707346e-03  5.20000000e-01  3.67292654e-01 
 5.30000000e-01  1.61391349e-03  5.30000000e-01  3.68608651e-01 
 5.40000000e-01  1.70078302e-03  5.40000000e-01  3.69921698e-01 
 5.50000000e-01  1.78768163e-03  5.50000000e-01  3.71231837e-01 
 5.60000000e-01  1.87460894e-03  5.60000000e-01  3.72539106e-01 
 5.70000000e-01  1.96156453e-03  5.70000000e-01  3.73843547e-01 
 5.80000000e-01  2.04854802e-03  5.80000000e-01  3.75145198e-01 
 5.90000000e-01  2.13555903e-03  5.90000000e-01  3.76444097e-01 
 6.00000000e-01  2.22259719e-03  6.00000000e-01  3.77740281e-01 
 6.10000000e-01  2.30966212e-03  6.10000000e-01  3.79033788e-01 
 6.20000000e-01  2.39675348e-03  6.20000000e-01  3.80324652e-01 
 6.30000000e-01  2.48387090e-03  6.30000000e-01  3.81612910e-01 
 6.40000000e-01  2.57101404e-03  6.40000000e-01  3.82898596e-01 
 6.50000000e-01  2.65818257e-03  6.50000000e-01  3.84181743e-01 
 6.60000000e-01  2.74537615e-03  6.60000000e-01  3.85462385e-01 
 6.70000000e-01  2.83259446e-03  6.70000000e-01  3.86740554e-01 
 6.80000000e-01  2.91983717e-03  6.80000000e-01  3.88016283e-01 
 6.90000000e-01  3.00710398e-03  6.90000000e-01  3.89289602e-01 
 7.00000000e-01  3.09439458e-03  7.00000000e-01  3.90560542e-01 
 7.10000000e-01  3.18170867e-03  7.10000000e-01  3.91829133e-01 
 7.20000000e-01  3.26904594e-03  7.20000000e-01  3.93095406e-01 
 7.30000000e-01  3.35640611e-03  7.30000000e-01  3.94359389e-01 
 7.40000000e-01  3.44378890e-03  7.40000000e-01  3.95621110e-01 
 7.50000000e-01  3.53119403e-03  7.50000000e-01  3.96880597e-01 
 7.60000000e-01  3.61862121e-03  7.60000000e-01  3.98137879e-01 
 7.70000000e-01  3.70607018e-03  7.70000000e-01  3.99392982e-01 
 7.80000000e-01  3.79354068e-03  7.80000000e-01  4.00645932e-01 
 7.90000000e-01  3.88103244e-03  7.90000000e-01  4.01896756e-01 
 8.00000000e-01  3.96854521e-03  8.00000000e-01  4.03145479e-01 
 8.10000000e-01  4.05607874e-03  8.10000000e-01  4.04392126e-01 
 8.20000000e-01  4.14363278e-03  8.20000000e-01  4.05636722e-01 
 8.30000000e-01  4.23120709e-03  8.30000000e-01  4.06879291e-01 
 8.40000000e-01  4.31880143e-03  8.40000000e-01  4.08119857e-01 
 8.50000000e-01  4.40641557e-03  8.50000000e-01  4.09358443e-01 
 8.60000000e-01  4.49404927e-03  8.60000000e-01  4.10595073e-01 
 8.70000000e-01  4.58170231e-03  8.70000000e-01  4.11829769e-01 
 8.80000000e-01  4.66937447e-03  8.80000000e-01  4.13062553e-01 
 8.90000000e-01  4.75706553e-03  8.90000000e-01  4.14293447e-01 
 9.00000000e-01  4.84477527e-03  9.00000000e-01  4.15522473e-01 
 9.10000000e-01  4.93250348e-03  9.10000000e-01  4.16749652e-01 
 9.20000000e-01  5.02024996e-03  9.20000000e-01  4.17975004e-01 
 9.30000000e-01  5.10801451e-03  9.30000000e-01  4.19198549e-01 
 9.40000000e-01  5.19579691e-03  9.40000000e-01  4.20420309e-01 
 9.50000000e-01  5.28359697e-03  9.50000000e-01  4.21640303e-01 
 9.60000000e-01  5.37141450e-03  9.60000000e-01  4.22858550e-01 
 9.70000000e-01  5.45924931e-03  9.70000000e-01  4.24075069e-01 
 9.80000000e-01  5.54710121e-03  9.80000000e-01  4.25289879e-01 
 9.90000000e-01  5.63497000e-03  9.90000000e-01  4.26503000e-01 
 1.00000000e+00  5.72285552e-03  1.00000000e+00  4.27714448e-01 
 1.01000000e+00  5.81075759e-03  1.01000000e+00  4.28924241e-01 
 1.02000000e+00  5.89867601e-03  1.02000000e+00  4.30132399e-01 
 1.03000000e+00  5.98661063e-03  1.03000000e+00  4.31338937e-01 
 1.04000000e+00  6.07456126e-03  1.04000000e+00  4.32543874e-01 
 1.05000000e+00  6.16252775e-03  1.05000000e+00  4.33747225e-01 
 1.06000000e+00  6.25050993e-03  1.06000000e+00  4.34949007e-01 
 1.07000000e+00  6.33850762e-03  1.07000000e+00  4.36149238e-01 
 1.08000000e+00  6.42652068e-03  1.08000000e+00  4.37347932e-01 
 1.09000000e+00  6.51454894e-03  1.09000000e+00  4.38545106e-01 
 1.10000000e+00  6.60259225e-03  1.10000000e+00  4.39740775e-01 
 1.11000000e+00  6.69065046e-03  1.11000000e+00  4.40934954e-01 
 1.12000000e+00  6.77872340e-03  1.12000000e+00  4.42127660e-01 
 1.13000000e+00  6.86681094e-03  1.13000000e+00  4.43318906e-01 
 1.14000000e+00  6.95491293e-03  1.14000000e+00  4.44508707e-01 
 1.15000000e+00  7.04302922e-03  1.15000000e+00  4.45697078e-01 
 1.16000000e+00  7.13115968e-03  1.16000000e+00  4.46884032e-01 
 1.17000000e+00  7.21930415e-03  1.17000000e+00  4.48069585e-01 
 1.18000000e+00  7.30746250e-03  1.18000000e+00  4.49253750e-01 
 1.19000000e+00  7.39563460e-03  1.19000000e+00  4.50436540e-01 
 1.20000000e+00  7.48382031e-03  1.20000000e+00  4.51617969e-01 
 1.21000000e+00  7.57201950e-03  1.21000000e+00  4.52798050e-01 
 1.22000000e+00  7.66023204e-03  1.22000000e+00  4.53976796e-01 
 1.23000000e+00  7.74845780e-03  1.23000000e+00  4.55154220e-01 
 1.24000000e+00  7.83669665e-03  1.24000000e+00  4.56330335e-01 
 1.25000000e+00  7.92494847e-03  1.25000000e+00  4.57505153e-01 
 1.26000000e+00  8.01321313e-03  1.26000000e+00  4.58678687e-01 
 1.27000000e+00  8.10149052e-03  1.27000000e+00  4.59850948e-01 
 1.28000000e+00  8.18978051e-03  1.28000000e+00  4.61021949e-01 
 1.29000000e+00  8.27808298e-03  1.29000000e+00  4.62191702e-01 
 1.30000000e+00  8.36639783e-03  1.30000000e+00  4.63360217e-01 
 1.31000000e+00  8.45472493e-03  1.31000000e+00  4.64527507e-01 
 1.32000000e+00  8.54306417e-03  1.32000000e+00  4.65693583e-01 
 1.33000000e+00  8.63141544e-03  1.33000000e+00  4.66858456e-01 
 1.34000000e+00  8.71977863e-03  1.34000000e+00  4.68022137e-01 
 1.35000000e+00  8.80815363e-03  1.35000000e+00  4.69184637e-01 
 1.36000000e+00  8.89654033e-03  1.36000000e+00  4.70345967e-01 
 1.37000000e+00  8.98493862e-03  1.37000000e+00  4.71506138e-01 
 1.38000000e+00  9.07334841e-03  1.38000000e+00  4.72665159e-01 
 1.39000000e+00  9.16176960e-03  1.39000000e+00  4.73823040e-01 
 1.40000000e+00  9.25020206e-03  1.40000000e+00  4.74979794e-01 
 1.41000000e+00  9.33864572e-03  1.41000000e+00  4.76135428e-01 
 1.42000000e+00  9.42710046e-03  1.42000000e+00  4.77289954e-01 
 1.43000000e+00  9.51556620e-03  1.43000000e+00  4.78443380e-01 
 1.44000000e+00  9.60404283e-03  1.44000000e+00  4.79595717e-01 
 1.45000000e+00  9.69253025e-03  1.45000000e+00  4.80746975e-01 
 1.46000000e+00  9.78102839e-03  1.46000000e+00  4.81897161e-01 
 1.47000000e+00  9.86953713e-03  1.47000000e+00  4.83046287e-01 
 1.48000000e+00  9.95805640e-03  1.48000000e+00  4.84194360e-01 
 1.49000000e+00  1.00465861e-02  1.49000000e+00  4.85341391e-01 
 1.50000000e+00  1.01351261e-02  1.50000000e+00  4.86487387e-01 
 1.51000000e+00  1.02236764e-02  1.51000000e+00  4.87632358e-01 
 1.52000000e+00  1.03122369e-02  1.52000000e+00  4.88776312e-01 
 1.53000000e+00  1.04008074e-02  1.53000000e+00  4.89919259e-01 
 1.54000000e+00  1.04893879e-02  1.54000000e+00  4.91061206e-01 
 1.55000000e+00  1.05779784e-02  1.55000000e+00  4.92202161e-01 
 1.56000000e+00  1.06665787e-02  1.56000000e+00  4.93342134e-01 
 1.57000000e+00  1.07551887e-02  1.57000000e+00  4.94481132e-01 
 1.58000000e+00  1.08438084e-02  1.58000000e+00  4.95619164e-01 
 1.59000000e+00  1.09324376e-02  1.59000000e+00  4.96756237e-01 
 1.60000000e+00  1.10210764e-02  1.60000000e+00  4.97892359e-01 
 1.61000000e+00  1.11097246e-02  1.61000000e+00  4.99027538e-01 
 1.62000000e+00  1.11983822e-02  1.62000000e+00  5.00161782e-01 
 1.63000000e+00  1.12870490e-02  1.63000000e+00  5.01295098e-01 
 1.64000000e+00  1.13757251e-02  1.64000000e+00  5.02427495e-01 
 1.65000000e+00  1.14644102e-02  1.65000000e+00  5.03558978e-01 
 1.66000000e+00  1.15531044e-02  1.66000000e+00  5.04689556e-01 
 1.67000000e+00  1.16418076e-02  1.67000000e+00  5.05819235e-01 
 1.68000000e+00  1.17305198e-02  1.68000000e+00  5.06948024e-01 
 1.69000000e+00  1.18192407e-02  1.69000000e+00  5.08075928e-01 
 1.70000000e+00  1.19079704e-02  1.70000000e+00  5.09202956e-01 
 1.71000000e+00  1.19967089e-02  1.71000000e+00  5.10329113e-01 
 1.72000000e+00  1.20854559e-02  1.72000000e+00  5.11454407e-01 
 1.73000000e+00  1.21742116e-02  1.73000000e+00  5.12578845e-01 
 1.74000000e+00  1.22629757e-02  1.74000000e+00  5.13702432e-01 
 1.75000000e+00  1.23517482e-02  1.75000000e+00  5.14825177e-01 
 1.76000000e+00  1.24405292e-02  1.76000000e+00  5.15947084e-01 
 1.77000000e+00  1.25293184e-02  1.77000000e+00  5.17068161e-01 
 1.78000000e+00  1.26181159e-02  1.78000000e+00  5.18188415e-01 
 1.79000000e+00  1.27069215e-02  1.79000000e+00  5.19307850e-01 
 1.80000000e+00  1.27957353e-02  1.80000000e+00  5.20426474e-01 
 1.81000000e+00  1.28845571e-02  1.81000000e+00  5.21544293e-01 
 1.82000000e+00  1.29733869e-02  1.82000000e+00  5.22661313e-01 
 1.83000000e+00  1.30622246e-02  1.83000000e+00  5.23777539e-01 
 1.84000000e+00  1.31510702e-02  1.84000000e+00  5.24892978e-01 
 1.85000000e+00  1.32399236e-02  1.85000000e+00  5.26007636e-01 
 1.86000000e+00  1.33287848e-02  1.86000000e+00  5.27121518e-01 
 1.87000000e+00  1.34176537e-02  1.87000000e+00  5.28234631e-01 
 1.88000000e+00  1.35065302e-02  1.88000000e+00  5.29346979e-01 
 1.89000000e+00  1.35954143e-02  1.89000000e+00  5.30458569e-01 
 1.90000000e+00  1.36843059e-02  1.90000000e+00  5.31569406e-01 
 1.91000000e+00  1.37732050e-02  1.91000000e+00  5.32679495e-01 
 1.92000000e+00  1.38621116e-02  1.92000000e+00  5.33788842e-01 
 1.93000000e+00  1.39510255e-02  1.93000000e+00  5.34897453e-01 
 1.94000000e+00  1.40399467e-02  1.94000000e+00  5.36005333e-01 
 1.95000000e+00  1.41288751e-02  1.95000000e+00  5.37112487e-01 
 1.96000000e+00  1.42178108e-02  1.96000000e+00  5.38218919e-01 
 1.97000000e+00  1.43067536e-02  1.97000000e+00  5.39324637e-01 
 1.98000000e+00  1.43957036e-02  1.98000000e+00  5.40429643e-01 
 1.99000000e+00  1.44846606e-02  1.99000000e+00  5.41533945e-01 
 2.00000000e+00  1.45736245e-02  2.00000000e+00  5.42637545e-01 
