-2.00000000e+00 -1.08236567e-02 -2.00000000e+00 -9.17634330e-01 
-1.99000000e+00 -1.08146475e-02 -1.99000000e+00 -9.08535251e-01 
-1.98000000e+00 -1.08056383e-02 -1.98000000e+00 -8.99436173e-01 
-1.97000000e+00 -1.07966290e-02 -1.97000000e+00 -8.90337095e-01 
-1.96000000e+00 -1.07876198e-02 -1.96000000e+00 -8.81238019e-01 
-1.95000000e+00 -1.07786106e-02 -1.95000000e+00 -8.72138944e-01 
-1.94000000e+00 -1.07696013e-02 -1.94000000e+00 -8.63039871e-01 
-1.93000000e+00 -1.07605920e-02 -1.93000000e+00 -8.53940798e-01 
-1.92000000e+00 -1.07515827e-02 -1.92000000e+00 -8.44841727e-01 
-1.91000000e+00 -1.07425734e-02 -1.91000000e+00 -8.35742657e-01 
-1.90000000e+00 -1.07335641e-02 -1.90000000e+00 -8.26643589e-01 
-1.89000000e+00 -1.07245548e-02 -1.89000000e+00 -8.17544522e-01 
-1.88000000e+00 -1.07155454e-02 -1.88000000e+00 -8.08445457e-01 
-1.87000000e+00 -1.07065361e-02 -1.87000000e+00 -7.99346393e-01 
-1.86000000e+00 -1.06975267e-02 -1.86000000e+00 -7.90247332e-01 
-1.85000000e+00 -1.06885173e-02 -1.85000000e+00 -7.81148273e-01 
-1.84000000e+00 -1.06795078e-02 -1.84000000e+00 -7.72049215e-01 
-1.83000000e+00 -1.06704984e-02 -1.83000000e+00 -7.62950161e-01 
-1.82000000e+00 -1.06614889e-02 -1.82000000e+00 -7.53851108e-01 
-1.81000000e+00 -1.06524794e-02 -1.81000000e+00 -7.44752059e-01 
-1.80000000e+00 -1.06434699e-02 -1.80000000e+00 -7.35653012e-01 
-1.79000000e+00 -1.06344603e-02 -1.79000000e+00 -7.26553968e-01 
-1.78000000e+00 -1.06254507e-02 -1.78000000e+00 -7.17454928e-01 
-1.77000000e+00 -1.06164411e-02 -1.77000000e+00 -7.08355891e-01 
-1.76000000e+00 -1.06074314e-02 -1.76000000e+00 -6.99256858e-01 
-1.75000000e+00 -1.05984217e-02 -1.75000000e+00 -6.90157829e-01 
-1.74000000e+00 -1.05894120e-02 -1.74000000e+00 -6.81058804e-01 
-1.73000000e+00 -1.05804022e-02 -1.73000000e+00 -6.71959785e-01 
-1.72000000e+00 -1.05713923e-02 -1.72000000e+00 -6.62860770e-01 
-1.71000000e+00 -1.05623824e-02 -1.71000000e+00 -6.53761761e-01 
-1.70000000e+00 -1.05533724e-02 -1.70000000e+00 -6.44662759e-01 
-1.69000000e+00 -1.05443624e-02 -1.69000000e+00 -6.35563763e-01 
-1.68000000e+00 -1.05353523e-02 -1.68000000e+00 -6.26464774e-01 
-1.67000000e+00 -1.05263421e-02 -1.67000000e+00 -6.17365793e-01 
-1.66000000e+00 -1.05173318e-02 -1.66000000e+00 -6.08266821e-01 
-1.65000000e+00 -1.05083214e-02 -1.65000000e+00 -5.99167858e-01 
-1.64000000e+00 -1.04993109e-02 -1.64000000e+00 -5.90068906e-01 
-1.63000000e+00 -1.04903004e-02 -1.63000000e+00 -5.80969965e-01 
-1.62000000e+00 -1.04812896e-02 -1.62000000e+00 -5.71871036e-01 
-1.61000000e+00 -1.04722788e-02 -1.61000000e+00 -5.62772121e-01 
-1.60000000e+00 -1.04632678e-02 -1.60000000e+00 -5.53673220e-01 
-1.59000000e+00 -1.04542566e-02 -1.59000000e+00 -5.44574337e-01 
-1.58000000e+00 -1.04452453e-02 -1.58000000e+00 -5.35475472e-01 
-1.57000000e+00 -1.04362337e-02 -1.57000000e+00 -5.26376627e-01 
-1.56000000e+00 -1.04272220e-02 -1.56000000e+00 -5.17277805e-01 
-1.55000000e+00 -1.04182099e-02 -1.55000000e+00 -5.08179008e-01 
-1.54000000e+00 -1.04091976e-02 -1.54000000e+00 -4.99080239e-01 
-1.53000000e+00 -1.04001850e-02 -1.53000000e+00 -4.89981501e-01 
-1.52000000e+00 -1.03911720e-02 -1.52000000e+00 -4.80882799e-01 
-1.51000000e+00 -1.03821586e-02 -1.51000000e+00 -4.71784137e-01 
-1.50000000e+00 -1.03731448e-02 -1.50000000e+00 -4.62685519e-01 
-1.49000000e+00 -1.03641305e-02 -1.49000000e+00 -4.53586952e-01 
-1.48000000e+00 -1.03551156e-02 -1.48000000e+00 -4.44488443e-01 
-1.47000000e+00 -1.03461000e-02 -1.47000000e+00 -4.35389999e-01 
-1.46000000e+00 -1.03370837e-02 -1.46000000e+00 -4.26291631e-01 
-1.45000000e+00 -1.03280665e-02 -1.45000000e+00 -4.17193348e-01 
-1.44000000e+00 -1.03190484e-02 -1.44000000e+00 -4.08095164e-01 
-1.43000000e+00 -1.03100291e-02 -1.43000000e+00 -3.98997094e-01 
-1.42000000e+00 -1.03010084e-02 -1.42000000e+00 -3.89899157e-01 
-1.41000000e+00 -1.02919862e-02 -1.41000000e+00 -3.80801376e-01 
-1.40000000e+00 -1.02829622e-02 -1.40000000e+00 -3.71703775e-01 
-1.39000000e+00 -1.02739361e-02 -1.39000000e+00 -3.62606389e-01 
-1.38000000e+00 -1.02649074e-02 -1.38000000e+00 -3.53509256e-01 
-1.37000000e+00 -1.02558757e-02 -1.37000000e+00 -3.44412425e-01 
-1.36000000e+00 -1.02468404e-02 -1.36000000e+00 -3.35315957e-01 
-1.35000000e+00 -1.02378007e-02 -1.35000000e+00 -3.26219926e-01 
-1.34000000e+00 -1.02287557e-02 -1.34000000e+00 -3.17124427e-01 
-1.33000000e+00 -1.02197042e-02 -1.33000000e+00 -3.08029581e-01 
-1.32000000e+00 -1.02106446e-02 -1.32000000e+00 -2.98935541e-01 
-1.31000000e+00 -1.02015749e-02 -1.31000000e+00 -2.89842509e-01 
-1.30000000e+00 -1.01924925e-02 -1.30000000e+00 -2.80750747e-01 
-1.29000000e+00 -1.01833940e-02 -1.29000000e+00 -2.71660604e-01 
-1.28000000e+00 -1.01742745e-02 -1.28000000e+00 -2.62572551e-01 
-1.27000000e+00 -1.01651379e-02 -1.27000000e+00 -2.53486211e-01 
-1.26000000e+00 -1.01559795e-02 -1.26000000e+00 -2.44402055e-01 
-1.25000000e+00 -1.01467953e-02 -1.25000000e+00 -2.35320469e-01 
-1.24000000e+00 -1.01375811e-02 -1.24000000e+00 -2.26241892e-01 
-1.23000000e+00 -1.01283316e-02 -1.23000000e+00 -2.17166839e-01 
-1.22000000e+00 -1.01190409e-02 -1.22000000e+00 -2.08095910e-01 
-1.21000000e+00 -1.01097019e-02 -1.21000000e+00 -1.99029807e-01 
-1.20000000e+00 -1.01003065e-02 -1.20000000e+00 -1.89969350e-01 
-1.19000000e+00 -1.00908451e-02 -1.19000000e+00 -1.80915493e-01 
-1.18000000e+00 -1.00813065e-02 -1.18000000e+00 -1.71869350e-01 
-1.17000000e+00 -1.00716778e-02 -1.17000000e+00 -1.62832216e-01 
-1.16000000e+00 -1.00619440e-02 -1.16000000e+00 -1.53805597e-01 
-1.15000000e+00 -1.00520876e-02 -1.15000000e+00 -1.44791240e-01 
-1.14000000e+00 -1.00420883e-02 -1.14000000e+00 -1.35791172e-01 
-1.13000000e+00 -1.00319227e-02 -1.13000000e+00 -1.26807733e-01 
-1.12000000e+00 -1.00215638e-02 -1.12000000e+00 -1.17843625e-01 
-1.11000000e+00 -1.00109805e-02 -1.11000000e+00 -1.08901954e-01 
-1.10000000e+00 -1.00001372e-02 -1.10000000e+00 -9.99862829e-02 
-1.09000000e+00 -9.98899317e-03 -1.09000000e+00 -9.11006827e-02 
-1.08000000e+00 -9.97750217e-03 -1.08000000e+00 -8.22497827e-02 
-1.07000000e+00 -9.96561177e-03 -1.07000000e+00 -7.34388232e-02 
-1.06000000e+00 -9.95326299e-03 -1.06000000e+00 -6.46737012e-02 
-1.05000000e+00 -9.94038991e-03 -1.05000000e+00 -5.59610095e-02 
-1.04000000e+00 -9.92691938e-03 -1.04000000e+00 -4.73080624e-02 
-1.03000000e+00 -9.91277095e-03 -1.03000000e+00 -3.87229049e-02 
-1.02000000e+00 -9.89785702e-03 -1.02000000e+00 -3.02142981e-02 
-1.01000000e+00 -9.88208324e-03 -1.01000000e+00 -2.17916759e-02 
-1.00000000e+00 -9.86534933e-03 -1.00000000e+00 -1.34650669e-02 
-9.90000000e-01 -9.84755022e-03 -9.90000000e-01 -5.24497801e-03 
-9.80000000e-01 -9.82857762e-03 -9.80000000e-01  2.85776184e-03 
-9.70000000e-01 -9.80832198e-03 -9.70000000e-01  1.08321979e-02 
-9.60000000e-01 -9.78667479e-03 -9.60000000e-01  1.86674793e-02 
-9.50000000e-01 -9.76353113e-03 -9.50000000e-01  2.63531130e-02 
-9.40000000e-01 -9.73879230e-03 -9.40000000e-01  3.38792301e-02 
-9.30000000e-01 -9.71236846e-03 -9.30000000e-01  4.12368455e-02 
-9.20000000e-01 -9.68418097e-03 -9.20000000e-01  4.84180971e-02 
-9.10000000e-01 -9.65416444e-03 -9.10000000e-01  5.54164444e-02 
-9.00000000e-01 -9.62226816e-03 -9.00000000e-01  6.22268156e-02 
-8.90000000e-01 -9.58845694e-03 -8.90000000e-01  6.88456937e-02 
-8.80000000e-01 -9.55271138e-03 -8.80000000e-01  7.52711382e-02 
-8.70000000e-01 -9.51502746e-03 -8.70000000e-01  8.15027462e-02 
-8.60000000e-01 -9.47541561e-03 -8.60000000e-01  8.75415607e-02 
-8.50000000e-01 -9.43389936e-03 -8.50000000e-01  9.33899359e-02 
-8.40000000e-01 -9.39051375e-03 -8.40000000e-01  9.90513746e-02 
-8.30000000e-01 -9.34530349e-03 -8.30000000e-01  1.04530349e-01 
-8.20000000e-01 -9.29832118e-03 -8.20000000e-01  1.09832118e-01 
-8.10000000e-01 -9.24962546e-03 -8.10000000e-01  1.14962546e-01 
-8.00000000e-01 -9.19927941e-03 -8.00000000e-01  1.19927941e-01 
-7.90000000e-01 -9.14734899e-03 -7.90000000e-01  1.24734899e-01 
-7.80000000e-01 -9.09390181e-03 -7.80000000e-01  1.29390181e-01 
-7.70000000e-01 -9.03900596e-03 -7.70000000e-01  1.33900596e-01 
-7.60000000e-01 -8.98272917e-03 -7.60000000e-01  1.38272917e-01 
-7.50000000e-01 -8.92513802e-03 -7.50000000e-01  1.42513802e-01 
-7.40000000e-01 -8.86629745e-03 -7.40000000e-01  1.46629745e-01 
-7.30000000e-01 -8.80627028e-03 -7.30000000e-01  1.50627028e-01 
-7.20000000e-01 -8.74511698e-03 -7.20000000e-01  1.54511698e-01 
-7.10000000e-01 -8.68289541e-03 -7.10000000e-01  1.58289541e-01 
-7.00000000e-01 -8.61966075e-03 -7.00000000e-01  1.61966075e-01 
-6.90000000e-01 -8.55546546e-03 -6.90000000e-01  1.65546546e-01 
-6.80000000e-01 -8.49035922e-03 -6.80000000e-01  1.69035922e-01 
-6.70000000e-01 -8.42438905e-03 -6.70000000e-01  1.72438905e-01 
-6.60000000e-01 -8.35759933e-03 -6.60000000e-01  1.75759933e-01 
-6.50000000e-01 -8.29003190e-03 -6.50000000e-01  1.79003190e-01 
-6.40000000e-01 -8.22172617e-03 -6.40000000e-01  1.82172617e-01 
-6.30000000e-01 -8.15271922e-03 -6.30000000e-01  1.85271922e-01 
-6.20000000e-01 -8.08304594e-03 -6.20000000e-01  1.88304594e-01 
-6.10000000e-01 -8.01273915e-03 -6.10000000e-01  1.91273915e-01 
-6.00000000e-01 -7.94182967e-03 -6.00000000e-01  1.94182967e-01 
-5.90000000e-01 -7.87034650e-03 -5.90000000e-01  1.97034650e-01 
-5.80000000e-01 -7.79831690e-03 -5.80000000e-01  1.99831690e-01 
-5.70000000e-01 -7.72576650e-03 -5.70000000e-01  2.02576650e-01 
-5.60000000e-01 -7.65271940e-03 -5.60000000e-01  2.05271940e-01 
-5.50000000e-01 -7.57919830e-03 -5.50000000e-01  2.07919830e-01 
-5.40000000e-01 -7.50522454e-03 -5.40000000e-01  2.10522454e-01 
-5.30000000e-01 -7.43081823e-03 -5.30000000e-01  2.13081823e-01 
-5.20000000e-01 -7.35599831e-03 -5.20000000e-01  2.15599831e-01 
-5.10000000e-01 -7.28078264e-03 -5.10000000e-01  2.18078264e-01 
-5.00000000e-01 -7.20518806e-03 -5.00000000e-01  2.20518806e-01 
-4.90000000e-01 -7.12923047e-03 -4.90000000e-01  2.22923047e-01 
-4.80000000e-01 -7.05292487e-03 -4.80000000e-01  2.25292487e-01 
-4.70000000e-01 -6.97628545e-03 -4.70000000e-01  2.27628545e-01 
-4.60000000e-01 -6.89932561e-03 -4.60000000e-01  2.29932561e-01 
-4.50000000e-01 -6.82205804e-03 -4.50000000e-01  2.32205804e-01 
-4.40000000e-01 -6.74449475e-03 -4.40000000e-01  2.34449475e-01 
-4.30000000e-01 -6.66664709e-03 -4.30000000e-01  2.36664709e-01 
-4.20000000e-01 -6.58852587e-03 -4.20000000e-01  2.38852587e-01 
-4.10000000e-01 -6.51014129e-03 -4.10000000e-01  2.41014129e-01 
-4.00000000e-01 -6.43150306e-03 -4.00000000e-01  2.43150306e-01 
-3.90000000e-01 -6.35262039e-03 -3.90000000e-01  2.45262039e-01 
-3.80000000e-01 -6.27350204e-03 -3.80000000e-01  2.47350204e-01 
-3.70000000e-01 -6.19415632e-03 -3.70000000e-01  2.49415632e-01 
-3.60000000e-01 -6.11459117e-03 -3.60000000e-01  2.51459117e-01 
-3.50000000e-01 -6.03481410e-03 -3.50000000e-01  2.53481410e-01 
-3.40000000e-01 -5.95483232e-03 -3.40000000e-01  2.55483232e-01 
-3.30000000e-01 -5.87465264e-03 -3.30000000e-01  2.57465264e-01 
-3.20000000e-01 -5.79428161e-03 -3.20000000e-01  2.59428161e-01 
-3.10000000e-01 -5.71372544e-03 -3.10000000e-01  2.61372544e-01 
-3.00000000e-01 -5.63299009e-03 -3.00000000e-01  2.63299009e-01 
-2.90000000e-01 -5.55208122e-03 -2.90000000e-01  2.65208122e-01 
-2.80000000e-01 -5.47100426e-03 -2.80000000e-01  2.67100426e-01 
-2.70000000e-01 -5.38976440e-03 -2.70000000e-01  2.68976440e-01 
-2.60000000e-01 -5.30836661e-03 -2.60000000e-01  2.70836661e-01 
-2.50000000e-01 -5.22681564e-03 -2.50000000e-01  2.72681564e-01 
-2.40000000e-01 -5.14511603e-03 -2.40000000e-01  2.74511603e-01 
-2.30000000e-01 -5.06327215e-03 -2.30000000e-01  2.76327215e-01 
-2.20000000e-01 -4.98128818e-03 -2.20000000e-01  2.78128818e-01 
-2.10000000e-01 -4.89916813e-03 -2.10000000e-01  2.79916813e-01 
-2.00000000e-01 -4.81691584e-03 -2.00000000e-01  2.81691584e-01 
-1.90000000e-01 -4.73453501e-03 -1.90000000e-01  2.83453501e-01 
-1.80000000e-01 -4.65202919e-03 -1.80000000e-01  2.85202919e-01 
-1.70000000e-01 -4.56940179e-03 -1.70000000e-01  2.86940179e-01 
-1.60000000e-01 -4.48665609e-03 -1.60000000e-01  2.88665609e-01 
-1.50000000e-01 -4.40379522e-03 -1.50000000e-01  2.90379522e-01 
-1.40000000e-01 -4.32082224e-03 -1.40000000e-01  2.92082224e-01 
-1.30000000e-01 -4.23774006e-03 -1.30000000e-01  2.93774006e-01 
-1.20000000e-01 -4.15455148e-03 -1.20000000e-01  2.95455148e-01 
-1.10000000e-01 -4.07125923e-03 -1.10000000e-01  2.97125923e-01 
-1.00000000e-01 -3.98786590e-03 -1.00000000e-01  2.98786590e-01 
-9.00000000e-02 -3.90437401e-03 -9.00000000e-02  3.00437401e-01 
-8.00000000e-02 -3.82078600e-03 -8.00000000e-02  3.02078600e-01 
-7.00000000e-02 -3.73710420e-03 -7.00000000e-02  3.03710420e-01 
-6.00000000e-02 -3.65333087e-03 -6.00000000e-02  3.05333087e-01 
-5.00000000e-02 -3.56946819e-03 -5.00000000e-02  3.06946819e-01 
-4.00000000e-02 -3.48551827e-03 -4.00000000e-02  3.08551827e-01 
-3.00000000e-02 -3.40148316e-03 -3.00000000e-02  3.10148316e-01 
-2.00000000e-02 -3.31736480e-03 -2.00000000e-02  3.11736480e-01 
-1.00000000e-02 -3.23316512e-03 -1.00000000e-02  3.13316512e-01 
 1.64104841e-15 -3.14888595e-03  1.64104841e-15  3.14888595e-01 
 1.00000000e-02 -3.06452907e-03  1.00000000e-02  3.16452907e-01 
 2.00000000e-02 -2.98009620e-03  2.00000000e-02  3.18009620e-01 
 3.00000000e-02 -2.89558902e-03  3.00000000e-02  3.19558902e-01 
 4.00000000e-02 -2.81100913e-03  4.00000000e-02  3.21100913e-01 
 5.00000000e-02 -2.72635811e-03  5.00000000e-02  3.22635811e-01 
 6.00000000e-02 -2.64163747e-03  6.00000000e-02  3.24163747e-01 
 7.00000000e-02 -2.55684868e-03  7.00000000e-02  3.25684868e-01 
 8.00000000e-02 -2.47199317e-03  8.00000000e-02  3.27199317e-01 
 9.00000000e-02 -2.38707232e-03  9.00000000e-02  3.28707232e-01 
 1.00000000e-01 -2.30208746e-03  1.00000000e-01  3.30208746e-01 
 1.10000000e-01 -2.21703991e-03  1.10000000e-01  3.31703991e-01 
 1.20000000e-01 -2.13193093e-03  1.20000000e-01  3.33193093e-01 
 1.30000000e-01 -2.04676174e-03  1.30000000e-01  3.34676174e-01 
 1.40000000e-01 -1.96153352e-03  1.40000000e-01  3.36153352e-01 
 1.50000000e-01 -1.87624745e-03  1.50000000e-01  3.37624745e-01 
 1.60000000e-01 -1.79090465e-03  1.60000000e-01  3.39090465e-01 
 1.70000000e-01 -1.70550620e-03  1.70000000e-01  3.40550620e-01 
 1.80000000e-01 -1.62005317e-03  1.80000000e-01  3.42005317e-01 
 1.90000000e-01 -1.53454659e-03  1.90000000e-01  3.43454659e-01 
 2.00000000e-01 -1.44898746e-03  2.00000000e-01  3.44898746e-01 
 2.10000000e-01 -1.36337677e-03  2.10000000e-01  3.46337677e-01 
 2.20000000e-01 -1.27771547e-03  2.20000000e-01  3.47771547e-01 
 2.30000000e-01 -1.19200447e-03  2.30000000e-01  3.49200447e-01 
 2.40000000e-01 -1.10624469e-03  2.40000000e-01  3.50624469e-01 
 2.50000000e-01 -1.02043699e-03  2.50000000e-01  3.52043699e-01 
 2.60000000e-01 -9.34582238e-04  2.60000000e-01  3.53458224e-01 
 2.70000000e-01 -8.48681258e-04  2.70000000e-01  3.54868126e-01 
 2.80000000e-01 -7.62734864e-04  2.80000000e-01  3.56273486e-01 
 2.90000000e-01 -6.76743845e-04  2.90000000e-01  3.57674384e-01 
 3.00000000e-01 -5.90708971e-04  3.00000000e-01  3.59070897e-01 
 3.10000000e-01 -5.04630994e-04  3.10000000e-01  3.60463099e-01 
 3.20000000e-01 -4.18510646e-04  3.20000000e-01  3.61851065e-01 
 3.30000000e-01 -3.32348640e-04  3.30000000e-01  3.63234864e-01 
 3.40000000e-01 -2.46145674e-04  3.40000000e-01  3.64614567e-01 
 3.50000000e-01 -1.59902427e-04  3.50000000e-01  3.65990243e-01 
 3.60000000e-01 -7.36195613e-05  3.60000000e-01  3.67361956e-01 
 3.70000000e-01  1.27214921e-05  3.70000000e-01  3.68727851e-01 
 3.80000000e-01  9.90622887e-05  3.80000000e-01  3.70093771e-01 
 3.90000000e-01  1.85460348e-04  3.90000000e-01  3.71453965e-01 
 4.00000000e-01  2.71895362e-04  4.00000000e-01  3.72810464e-01 
 4.10000000e-01  3.58366909e-04  4.10000000e-01  3.74163309e-01 
 4.20000000e-01  4.44874412e-04  4.20000000e-01  3.75512559e-01 
 4.30000000e-01  5.31417309e-04  4.30000000e-01  3.76858269e-01 
 4.40000000e-01  6.17995052e-04  4.40000000e-01  3.78200495e-01 
 4.50000000e-01  7.04607104e-04  4.50000000e-01  3.79539290e-01 
 4.60000000e-01  7.91252940e-04  4.60000000e-01  3.80874706e-01 
 4.70000000e-01  8.77932048e-04  4.70000000e-01  3.82206795e-01 
 4.80000000e-01  9.64643927e-04  4.80000000e-01  3.83535607e-01 
 4.90000000e-01  1.05138809e-03  4.90000000e-01  3.84861191e-01 
 5.00000000e-01  1.13816405e-03  5.00000000e-01  3.86183595e-01 
 5.10000000e-01  1.22497134e-03  5.10000000e-01  3.87502866e-01 
 5.20000000e-01  1.31180950e-03  5.20000000e-01  3.88819050e-01 
 5.30000000e-01  1.39867809e-03  5.30000000e-01  3.90132191e-01 
 5.40000000e-01  1.48557666e-03  5.40000000e-01  3.91442334e-01 
 5.50000000e-01  1.57250479e-03  5.50000000e-01  3.92749521e-01 
 5.60000000e-01  1.65946204e-03  5.60000000e-01  3.94053796e-01 
 5.70000000e-01  1.74644802e-03  5.70000000e-01  3.95355198e-01 
 5.80000000e-01  1.83346231e-03  5.80000000e-01  3.96653769e-01 
 5.90000000e-01  1.92050452e-03  5.90000000e-01  3.97949548e-01 
 6.00000000e-01  2.00757426e-03  6.00000000e-01  3.99242574e-01 
 6.10000000e-01  2.09467116e-03  6.10000000e-01  4.00532884e-01 
 6.20000000e-01  2.18179484e-03  6.20000000e-01  4.01820516e-01 
 6.30000000e-01  2.26894493e-03  6.30000000e-01  4.03105507e-01 
 6.40000000e-01  2.35612108e-03  6.40000000e-01  4.04387892e-01 
 6.50000000e-01  2.44332294e-03  6.50000000e-01  4.05667706e-01 
 6.60000000e-01  2.53055016e-03  6.60000000e-01  4.06944984e-01 
 6.70000000e-01  2.61780241e-03  6.70000000e-01  4.08219759e-01 
 6.80000000e-01  2.70507936e-03  6.80000000e-01  4.09492064e-01 
 6.90000000e-01  2.79238069e-03  6.90000000e-01  4.10761931e-01 
 7.00000000e-01  2.87970607e-03  7.00000000e-01  4.12029393e-01 
 7.10000000e-01  2.96705520e-03  7.10000000e-01  4.13294480e-01 
 7.20000000e-01  3.05442776e-03  7.20000000e-01  4.14557224e-01 
 7.30000000e-01  3.14182347e-03  7.30000000e-01  4.15817653e-01 
 7.40000000e-01  3.22924203e-03  7.40000000e-01  4.17075797e-01 
 7.50000000e-01  3.31668314e-03  7.50000000e-01  4.18331686e-01 
 7.60000000e-01  3.40414652e-03  7.60000000e-01  4.19585348e-01 
 7.70000000e-01  3.49163191e-03  7.70000000e-01  4.20836809e-01 
 7.80000000e-01  3.57913902e-03  7.80000000e-01  4.22086098e-01 
 7.90000000e-01  3.66666758e-03  7.90000000e-01  4.23333242e-01 
 8.00000000e-01  3.75421733e-03  8.00000000e-01  4.24578267e-01 
 8.10000000e-01  3.84178802e-03  8.10000000e-01  4.25821198e-01 
 8.20000000e-01  3.92937939e-03  8.20000000e-01  4.27062061e-01 
 8.30000000e-01  4.01699119e-03  8.30000000e-01  4.28300881e-01 
 8.40000000e-01  4.10462318e-03  8.40000000e-01  4.29537682e-01 
 8.50000000e-01  4.19227511e-03  8.50000000e-01  4.30772489e-01 
 8.60000000e-01  4.27994675e-03  8.60000000e-01  4.32005325e-01 
 8.70000000e-01  4.36763787e-03  8.70000000e-01  4.33236213e-01 
 8.80000000e-01  4.45534824e-03  8.80000000e-01  4.34465176e-01 
 8.90000000e-01  4.54307764e-03  8.90000000e-01  4.35692236e-01 
 9.00000000e-01  4.63082583e-03  9.00000000e-01  4.36917417e-01 
 9.10000000e-01  4.71859262e-03  9.10000000e-01  4.38140738e-01 
 9.20000000e-01  4.80637778e-03  9.20000000e-01  4.39362222e-01 
 9.30000000e-01  4.89418111e-03  9.30000000e-01  4.40581889e-01 
 9.40000000e-01  4.98200239e-03  9.40000000e-01  4.41799761e-01 
 9.50000000e-01  5.06984144e-03  9.50000000e-01  4.43015856e-01 
 9.60000000e-01  5.15769804e-03  9.60000000e-01  4.44230196e-01 
 9.70000000e-01  5.24557200e-03  9.70000000e-01  4.45442800e-01 
 9.80000000e-01  5.33346313e-03  9.80000000e-01  4.46653687e-01 
 9.90000000e-01  5.42137125e-03  9.90000000e-01  4.47862875e-01 
 1.00000000e+00  5.50929616e-03  1.00000000e+00  4.49070384e-01 
 1.01000000e+00  5.59723768e-03  1.01000000e+00  4.50276232e-01 
 1.02000000e+00  5.68519562e-03  1.02000000e+00  4.51480438e-01 
 1.03000000e+00  5.77316983e-03  1.03000000e+00  4.52683017e-01 
 1.04000000e+00  5.86116011e-03  1.04000000e+00  4.53883989e-01 
 1.05000000e+00  5.94916629e-03  1.05000000e+00  4.55083371e-01 
 1.06000000e+00  6.03718821e-03  1.06000000e+00  4.56281179e-01 
 1.07000000e+00  6.12522571e-03  1.07000000e+00  4.57477429e-01 
 1.08000000e+00  6.21327861e-03  1.08000000e+00  4.58672139e-01 
 1.09000000e+00  6.30134675e-03  1.09000000e+00  4.59865325e-01 
 1.10000000e+00  6.38942998e-03  1.10000000e+00  4.61057002e-01 
 1.11000000e+00  6.47752814e-03  1.11000000e+00  4.62247186e-01 
 1.12000000e+00  6.56564108e-03  1.12000000e+00  4.63435892e-01 
 1.13000000e+00  6.65376864e-03  1.13000000e+00  4.64623136e-01 
 1.14000000e+00  6.74191067e-03  1.14000000e+00  4.65808933e-01 
 1.15000000e+00  6.83006703e-03  1.15000000e+00  4.66993297e-01 
 1.16000000e+00  6.91823757e-03  1.16000000e+00  4.68176243e-01 
 1.17000000e+00  7.00642215e-03  1.17000000e+00  4.69357785e-01 
 1.18000000e+00  7.09462063e-03  1.18000000e+00  4.70537937e-01 
 1.19000000e+00  7.18283288e-03  1.19000000e+00  4.71716712e-01 
 1.20000000e+00  7.27105874e-03  1.20000000e+00  4.72894126e-01 
 1.21000000e+00  7.35929809e-03  1.21000000e+00  4.74070191e-01 
 1.22000000e+00  7.44755080e-03  1.22000000e+00  4.75244920e-01 
 1.23000000e+00  7.53581673e-03  1.23000000e+00  4.76418327e-01 
 1.24000000e+00  7.62409576e-03  1.24000000e+00  4.77590424e-01 
 1.25000000e+00  7.71238776e-03  1.25000000e+00  4.78761224e-01 
 1.26000000e+00  7.80069261e-03  1.26000000e+00  4.79930739e-01 
 1.27000000e+00  7.88901017e-03  1.27000000e+00  4.81098983e-01 
 1.28000000e+00  7.97734034e-03  1.28000000e+00  4.82265966e-01 
 1.29000000e+00  8.06568298e-03  1.29000000e+00  4.83431702e-01 
 1.30000000e+00  8.15403799e-03  1.30000000e+00  4.84596201e-01 
 1.31000000e+00  8.24240524e-03  1.31000000e+00  4.85759476e-01 
 1.32000000e+00  8.33078462e-03  1.32000000e+00  4.86921538e-01 
 1.33000000e+00  8.41917602e-03  1.33000000e+00  4.88082398e-01 
 1.34000000e+00  8.50757932e-03  1.34000000e+00  4.89242068e-01 
 1.35000000e+00  8.59599441e-03  1.35000000e+00  4.90400559e-01 
 1.36000000e+00  8.68442120e-03  1.36000000e+00  4.91557880e-01 
 1.37000000e+00  8.77285956e-03  1.37000000e+00  4.92714044e-01 
 1.38000000e+00  8.86130939e-03  1.38000000e+00  4.93869061e-01 
 1.39000000e+00  8.94977059e-03  1.39000000e+00  4.95022941e-01 
 1.40000000e+00  9.03824306e-03  1.40000000e+00  4.96175694e-01 
 1.41000000e+00  9.12672669e-03  1.41000000e+00  4.97327331e-01 
 1.42000000e+00  9.21522138e-03  1.42000000e+00  4.98477862e-01 
 1.43000000e+00  9.30372704e-03  1.43000000e+00  4.99627296e-01 
 1.44000000e+00  9.39224357e-03  1.44000000e+00  5.00775643e-01 
 1.45000000e+00  9.48077086e-03  1.45000000e+00  5.01922914e-01 
 1.46000000e+00  9.56930884e-03  1.46000000e+00  5.03069116e-01 
 1.47000000e+00  9.65785739e-03  1.47000000e+00  5.04214261e-01 
 1.48000000e+00  9.74641643e-03  1.48000000e+00  5.05358357e-01 
 1.49000000e+00  9.83498587e-03  1.49000000e+00  5.06501413e-01 
 1.50000000e+00  9.92356562e-03  1.50000000e+00  5.07643438e-01 
 1.51000000e+00  1.00121556e-02  1.51000000e+00  5.08784441e-01 
 1.52000000e+00  1.01007557e-02  1.52000000e+00  5.09924431e-01 
 1.53000000e+00  1.01893658e-02  1.53000000e+00  5.11063417e-01 
 1.54000000e+00  1.02779859e-02  1.54000000e+00  5.12201407e-01 
 1.55000000e+00  1.03666159e-02  1.55000000e+00  5.13338410e-01 
 1.56000000e+00  1.04552557e-02  1.56000000e+00  5.14474434e-01 
 1.57000000e+00  1.05439051e-02  1.57000000e+00  5.15609487e-01 
 1.58000000e+00  1.06325642e-02  1.58000000e+00  5.16743577e-01 
 1.59000000e+00  1.07212329e-02  1.59000000e+00  5.17876713e-01 
 1.60000000e+00  1.08099110e-02  1.60000000e+00  5.19008902e-01 
 1.61000000e+00  1.08985985e-02  1.61000000e+00  5.20140153e-01 
 1.62000000e+00  1.09872953e-02  1.62000000e+00  5.21270472e-01 
 1.63000000e+00  1.10760013e-02  1.63000000e+00  5.22399869e-01 
 1.64000000e+00  1.11647165e-02  1.64000000e+00  5.23528349e-01 
 1.65000000e+00  1.12534408e-02  1.65000000e+00  5.24655921e-01 
 1.66000000e+00  1.13421741e-02  1.66000000e+00  5.25782592e-01 
 1.67000000e+00  1.14309163e-02  1.67000000e+00  5.26908370e-01 
 1.68000000e+00  1.15196674e-02  1.68000000e+00  5.28033261e-01 
 1.69000000e+00  1.16084273e-02  1.69000000e+00  5.29157273e-01 
 1.70000000e+00  1.16971959e-02  1.70000000e+00  5.30280413e-01 
 1.71000000e+00  1.17859731e-02  1.71000000e+00  5.31402687e-01 
 1.72000000e+00  1.18747590e-02  1.72000000e+00  5.32524103e-01 
 1.73000000e+00  1.19635533e-02  1.73000000e+00  5.33644668e-01 
 1.74000000e+00  1.20523561e-02  1.74000000e+00  5.34764387e-01 
 1.75000000e+00  1.21411673e-02  1.75000000e+00  5.35883269e-01 
 1.76000000e+00  1.22299868e-02  1.76000000e+00  5.37001318e-01 
 1.77000000e+00  1.23188146e-02  1.77000000e+00  5.38118542e-01 
 1.78000000e+00  1.24076505e-02  1.78000000e+00  5.39234948e-01 
 1.79000000e+00  1.24964946e-02  1.79000000e+00  5.40350540e-01 
 1.80000000e+00  1.25853467e-02  1.80000000e+00  5.41465327e-01 
 1.81000000e+00  1.26742069e-02  1.81000000e+00  5.42579314e-01 
 1.82000000e+00  1.27630749e-02  1.82000000e+00  5.43692506e-01 
 1.83000000e+00  1.28519509e-02  1.83000000e+00  5.44804911e-01 
 1.84000000e+00  1.29408347e-02  1.84000000e+00  5.45916534e-01 
 1.85000000e+00  1.30297262e-02  1.85000000e+00  5.47027380e-01 
 1.86000000e+00  1.31186254e-02  1.86000000e+00  5.48137457e-01 
 1.87000000e+00  1.32075323e-02  1.87000000e+00  5.49246769e-01 
 1.88000000e+00  1.32964468e-02  1.88000000e+00  5.50355323e-01 
 1.89000000e+00  1.33853688e-02  1.89000000e+00  5.51463123e-01 
 1.90000000e+00  1.34742982e-02  1.90000000e+00  5.52570177e-01 
 1.91000000e+00  1.35632351e-02  1.91000000e+00  5.53676488e-01 
 1.92000000e+00  1.36521794e-02  1.92000000e+00  5.54782063e-01 
 1.93000000e+00  1.37411309e-02  1.93000000e+00  5.55886906e-01 
 1.94000000e+00  1.38300898e-02  1.94000000e+00  5.56991025e-01 
 1.95000000e+00  1.39190558e-02  1.95000000e+00  5.58094422e-01 
 1.96000000e+00  1.40080290e-02  1.96000000e+00  5.59197105e-01 
 1.97000000e+00  1.40970092e-02  1.97000000e+00  5.60299078e-01 
 1.98000000e+00  1.41859965e-02  1.98000000e+00  5.61400345e-01 
 1.99000000e+00  1.42749909e-02  1.99000000e+00  5.62500914e-01 
 2.00000000e+00  1.43639921e-02  2.00000000e+00  5.63600787e-01 
